timestamp,market,buy_volume,sell_volume,net_flow,buy_%,sell_%,net_%,trend,message
2025-10-14T01:15:46.657553,BTC/USDT,1611.4741163340002,1526.943149656,84.53096667800014,51.34671331938608,48.6532866806139,2.6934266387721775,⚪,⚪ Buy: 51.3% | Sell: 48.7% | Net: 2.7% | Value: 85
2025-10-14T01:15:48.026039,ETH/USDT,60888.517602342,55055.538890488,5832.978711853997,52.51542808156566,47.48457191843434,5.03085616313132,⚪,"⚪ Buy: 52.5% | Sell: 47.5% | Net: 5.0% | Value: 5,833"
2025-10-14T01:15:49.410030,BNB/USDT,4354.186998799999,3479.3690982,874.8179005999991,55.583785255173105,44.416214744826895,11.167570510346206,⚪,⚪ Buy: 55.6% | Sell: 44.4% | Net: 11.2% | Value: 875
2025-10-14T01:15:50.819798,XRP/USDT,8261908.434580001,8151290.3984199995,110618.03616000153,50.33697890729745,49.66302109270255,0.6739578145948946,⚪,"⚪ Buy: 50.3% | Sell: 49.7% | Net: 0.7% | Value: 110,618"
2025-10-14T01:15:52.402147,SOL/USDT,169408.67134722997,133720.62356482,35688.047782409965,55.88660488798426,44.11339511201573,11.773209775968537,⚪,"⚪ Buy: 55.9% | Sell: 44.1% | Net: 11.8% | Value: 35,688"
2025-10-14T01:15:53.745098,DOGE/USDT,39698458.73733958,34116669.482704796,5581789.254634783,53.78092498735175,46.21907501264825,7.561849974703501,⚪,"⚪ Buy: 53.8% | Sell: 46.2% | Net: 7.6% | Value: 5,581,789"
2025-10-14T01:15:55.095664,ADA/USDT,10587527.09337753,10333654.515585022,253872.57779250853,50.60673575359566,49.39326424640435,1.2134715071913078,⚪,"⚪ Buy: 50.6% | Sell: 49.4% | Net: 1.2% | Value: 253,873"
2025-10-14T01:15:56.395478,TRX/USDT,3300217.8249999997,3108324.365,191893.4599999995,51.49716935857451,48.50283064142549,2.9943387171490166,⚪,"⚪ Buy: 51.5% | Sell: 48.5% | Net: 3.0% | Value: 191,893"
2025-10-14T01:15:57.782012,AVAX/USDT,233839.099537526,192429.831091684,41409.268445842,54.85717647597708,45.14282352402294,9.714352951954139,⚪,"⚪ Buy: 54.9% | Sell: 45.1% | Net: 9.7% | Value: 41,409"
2025-10-14T01:15:59.176364,DOT/USDT,340804.404350368,350621.345425552,-9816.941075183975,49.29009433924282,50.70990566075717,-1.4198113215143473,⚪,"⚪ Buy: 49.3% | Sell: 50.7% | Net: -1.4% | Value: -9,817"
2025-10-14T01:16:00.520954,LINK/USDT,367309.145912944,331603.492369416,35705.653543527995,52.55437171885157,47.44562828114842,5.108743437703146,⚪,"⚪ Buy: 52.6% | Sell: 47.4% | Net: 5.1% | Value: 35,706"
2025-10-14T01:16:01.755615,SUI/USDT,2317775.3600000003,2174870.9399999995,142904.42000000086,51.590425892196336,48.40957410780367,3.180851784392661,⚪,"⚪ Buy: 51.6% | Sell: 48.4% | Net: 3.2% | Value: 142,904"
2025-10-14T01:16:03.101653,SHIB/USDT,148259903967.5917,144795945025.14166,3463958942.4500427,50.591006621153625,49.408993378846375,1.1820132423072487,⚪,"⚪ Buy: 50.6% | Sell: 49.4% | Net: 1.2% | Value: 3,463,958,942"
2025-10-14T01:16:04.370420,LTC/USDT,67283.529293944,65184.50844091599,2099.020853028007,50.79227445688797,49.20772554311204,1.5845489137759257,⚪,"⚪ Buy: 50.8% | Sell: 49.2% | Net: 1.6% | Value: 2,099"
2025-10-14T01:16:05.789480,ATOM/USDT,310471.11196,334896.05904,-24424.947080000013,48.1076704721319,51.8923295278681,-3.7846590557361974,⚪,"⚪ Buy: 48.1% | Sell: 51.9% | Net: -3.8% | Value: -24,425"
2025-10-14T01:16:07.162669,XLM/USDT,3896955.480955336,3952017.206433004,-55061.72547766799,49.649242469870345,50.35075753012964,-0.7015150602592959,⚪,"⚪ Buy: 49.6% | Sell: 50.4% | Net: -0.7% | Value: -55,062"
2025-10-14T01:16:08.496316,UNI/USDT,243892.83378000004,243359.12181999997,533.7119600000733,50.054767554431145,49.94523244556886,0.10953510886228515,⚪,⚪ Buy: 50.1% | Sell: 49.9% | Net: 0.1% | Value: 534
2025-10-14T01:16:09.850475,ICP/USDT,84340.64262,71324.76738,13015.875239999994,54.180721728738575,45.819278271261425,8.361443457477158,⚪,"⚪ Buy: 54.2% | Sell: 45.8% | Net: 8.4% | Value: 13,016"
2025-10-14T01:16:11.081069,APT/USDT,109531.773,101269.3195,8262.453500000003,51.95977482896584,48.04022517103416,3.919549657931684,⚪,"⚪ Buy: 52.0% | Sell: 48.0% | Net: 3.9% | Value: 8,262"
2025-10-14T01:16:12.468281,NEAR/USDT,716672.02016,635674.6072399999,80997.41292000003,52.994698669664466,47.005301330335534,5.9893973393289235,⚪,"⚪ Buy: 53.0% | Sell: 47.0% | Net: 6.0% | Value: 80,997"
2025-10-14T01:16:13.313536,AAPL,34576490.0,0,34576490.0,100.0,0.0,100.0,🟢,"🟢 Buy: 100.0% | Sell: 0.0% | Net: 100.0% | Value: 34,576,490"
2025-10-14T01:16:13.606176,MSFT,14262756.0,0,14262756.0,100.0,0.0,100.0,🟢,"🟢 Buy: 100.0% | Sell: 0.0% | Net: 100.0% | Value: 14,262,756"
2025-10-14T01:16:13.942809,GOOG,12017466.0,0,12017466.0,100.0,0.0,100.0,🟢,"🟢 Buy: 100.0% | Sell: 0.0% | Net: 100.0% | Value: 12,017,466"
2025-10-14T01:16:14.237952,GC=F,0,0,0,0,0,0,⚪,⚪ Buy: 0.0% | Sell: 0.0% | Net: 0.0% | Value: 0
2025-10-14T01:16:14.455364,CL=F,0,0,0,0,0,0,⚪,⚪ Buy: 0.0% | Sell: 0.0% | Net: 0.0% | Value: 0
2025-10-14T01:16:14.724889,TSLA,78973590.0,0,78973590.0,100.0,0.0,100.0,🟢,"🟢 Buy: 100.0% | Sell: 0.0% | Net: 100.0% | Value: 78,973,590"
2025-10-14T01:16:14.990651,NVDA,151504733.0,0,151504733.0,100.0,0.0,100.0,🟢,"🟢 Buy: 100.0% | Sell: 0.0% | Net: 100.0% | Value: 151,504,733"
2025-10-14T02:45:14.206715,BTC/USDT,1422.75590109,1243.86582679,178.89007429999992,53.35424541901974,46.64575458098026,6.7084908380394825,⚪,⚪ Buy: 53.4% | Sell: 46.6% | Net: 6.7% | Value: 179
2025-10-14T02:45:15.847979,ETH/USDT,59984.396300741995,53699.35693808801,6285.039362653988,52.7642645424673,47.2357354575327,5.5285290849345925,⚪,"⚪ Buy: 52.8% | Sell: 47.2% | Net: 5.5% | Value: 6,285"
2025-10-14T02:45:17.656411,BNB/USDT,4164.363519999999,3064.1193799999996,1100.2441399999993,57.610477573378496,42.3895224266215,15.220955146756998,⚪,"⚪ Buy: 57.6% | Sell: 42.4% | Net: 15.2% | Value: 1,100"
2025-10-14T02:45:19.000090,XRP/USDT,7755314.985028176,7391400.224092264,363914.7609359119,51.20129927813254,48.798700721867455,2.4025985562650862,⚪,"⚪ Buy: 51.2% | Sell: 48.8% | Net: 2.4% | Value: 363,915"
2025-10-14T02:45:20.555096,SOL/USDT,167442.66213302995,130771.60974352002,36671.05238950993,56.14844020689432,43.85155979310567,12.296880413788658,⚪,"⚪ Buy: 56.1% | Sell: 43.9% | Net: 12.3% | Value: 36,671"
2025-10-14T02:45:21.656044,DOGE/USDT,36397167.674072735,29164732.887804538,7232434.786268197,55.51572996228368,44.484270037716314,11.031459924567365,⚪,"⚪ Buy: 55.5% | Sell: 44.5% | Net: 11.0% | Value: 7,232,435"
2025-10-14T02:45:22.885981,ADA/USDT,9660534.72937753,8943165.96958502,717368.7597925104,51.92802703989028,48.07197296010972,3.8560540797805625,⚪,"⚪ Buy: 51.9% | Sell: 48.1% | Net: 3.9% | Value: 717,369"
2025-10-14T02:45:24.089947,TRX/USDT,3098843.465,2806262.8249999997,292580.64000000013,52.47735286742824,47.52264713257176,4.954705734856471,⚪,"⚪ Buy: 52.5% | Sell: 47.5% | Net: 5.0% | Value: 292,581"
2025-10-14T02:45:25.288974,AVAX/USDT,225967.387217526,180622.262611684,45345.12460584199,55.57627630522437,44.423723694775624,11.15255261044875,⚪,"⚪ Buy: 55.6% | Sell: 44.4% | Net: 11.2% | Value: 45,345"
2025-10-14T02:45:26.508623,DOT/USDT,318167.57868,316666.10692,1501.4717599999858,50.11825709583928,49.881742904160724,0.23651419167854976,⚪,"⚪ Buy: 50.1% | Sell: 49.9% | Net: 0.2% | Value: 1,501"
2025-10-14T02:45:27.692475,LINK/USDT,372188.54959999997,338922.59789999994,33265.951700000034,52.33901210921461,47.66098789078538,4.678024218429234,⚪,"⚪ Buy: 52.3% | Sell: 47.7% | Net: 4.7% | Value: 33,266"
2025-10-14T02:45:28.836482,SUI/USDT,2207168.08,2008960.0199999998,198208.0600000003,52.35059342717789,47.64940657282211,4.701186854355784,⚪,"⚪ Buy: 52.4% | Sell: 47.6% | Net: 4.7% | Value: 198,208"
2025-10-14T02:45:30.068887,SHIB/USDT,149292604947.4315,146344996494.90134,2947608452.5301514,50.49851717747499,49.50148282252501,0.9970343549499785,⚪,"⚪ Buy: 50.5% | Sell: 49.5% | Net: 1.0% | Value: 2,947,608,453"
2025-10-14T02:45:31.179229,LTC/USDT,62345.557693943985,57777.55104091599,4568.006653027995,51.901385462438654,48.09861453756136,3.802770924877296,⚪,"⚪ Buy: 51.9% | Sell: 48.1% | Net: 3.8% | Value: 4,568"
2025-10-14T02:45:32.424524,ATOM/USDT,309848.95256,333962.81993999996,-24113.867379999952,48.127257964982306,51.872742035017694,-3.745484070035385,⚪,"⚪ Buy: 48.1% | Sell: 51.9% | Net: -3.7% | Value: -24,114"
2025-10-14T02:45:33.661447,XLM/USDT,3873848.312955336,3917356.4544330044,-43508.14147766819,49.72078681810687,50.279213181893134,-0.5584263637862568,⚪,"⚪ Buy: 49.7% | Sell: 50.3% | Net: -0.6% | Value: -43,508"
2025-10-14T02:45:35.357933,UNI/USDT,255286.53358000002,260449.67152,-5163.137939999986,49.499440034561964,50.50055996543803,-1.0011199308760699,⚪,"⚪ Buy: 49.5% | Sell: 50.5% | Net: -1.0% | Value: -5,163"
2025-10-14T02:45:36.514394,ICP/USDT,82406.19713999999,68423.09916000001,13983.097979999977,54.63540516432152,45.364594835678496,9.270810328643016,⚪,"⚪ Buy: 54.6% | Sell: 45.4% | Net: 9.3% | Value: 13,983"
2025-10-14T02:45:37.836880,APT/USDT,108813.14456000002,100191.37684000001,8621.767720000003,52.06257923566624,47.93742076433376,4.125158471332478,⚪,"⚪ Buy: 52.1% | Sell: 47.9% | Net: 4.1% | Value: 8,622"
2025-10-14T02:45:38.900341,NEAR/USDT,681491.38492,582903.65438,98587.73054000002,53.89861267545706,46.10138732454295,7.797225350914111,⚪,"⚪ Buy: 53.9% | Sell: 46.1% | Net: 7.8% | Value: 98,588"
2025-10-14T02:45:39.918026,AAPL,38104400.0,0,38104400.0,100.0,0.0,100.0,🟢,"🟢 Buy: 100.0% | Sell: 0.0% | Net: 100.0% | Value: 38,104,400"
2025-10-14T02:45:40.211844,MSFT,14271600.0,0,14271600.0,100.0,0.0,100.0,🟢,"🟢 Buy: 100.0% | Sell: 0.0% | Net: 100.0% | Value: 14,271,600"
2025-10-14T02:45:40.465663,GOOG,12453300.0,0,12453300.0,100.0,0.0,100.0,🟢,"🟢 Buy: 100.0% | Sell: 0.0% | Net: 100.0% | Value: 12,453,300"
2025-10-14T02:45:40.670677,GC=F,0,0,0,0,0,0,⚪,⚪ Buy: 0.0% | Sell: 0.0% | Net: 0.0% | Value: 0
2025-10-14T02:45:40.859754,CL=F,0,0,0,0,0,0,⚪,⚪ Buy: 0.0% | Sell: 0.0% | Net: 0.0% | Value: 0
2025-10-14T02:45:41.048571,TSLA,79333800.0,0,79333800.0,100.0,0.0,100.0,🟢,"🟢 Buy: 100.0% | Sell: 0.0% | Net: 100.0% | Value: 79,333,800"
2025-10-14T02:45:41.274296,NVDA,153130700.0,0,153130700.0,100.0,0.0,100.0,🟢,"🟢 Buy: 100.0% | Sell: 0.0% | Net: 100.0% | Value: 153,130,700"
2025-10-14T03:32:35.007352,BTC/USDT,1262.016354258,1216.638682742,45.37767151600019,50.9153688358934,49.0846311641066,1.830737671786806,⚪,⚪ Buy: 50.9% | Sell: 49.1% | Net: 1.8% | Value: 45
2025-10-14T03:32:36.951552,ETH/USDT,56693.134144981996,54616.791225397996,2076.342919584,50.93268543334075,49.06731456665924,1.8653708666815105,⚪,"⚪ Buy: 50.9% | Sell: 49.1% | Net: 1.9% | Value: 2,076"
2025-10-14T03:32:38.367235,BNB/USDT,3813.8393599999995,3085.17844,728.6609199999994,55.28090331931017,44.71909668068983,10.561806638620347,⚪,⚪ Buy: 55.3% | Sell: 44.7% | Net: 10.6% | Value: 729
2025-10-14T03:32:40.171549,XRP/USDT,7638860.744228176,7722371.469792264,-83510.72556408774,49.72817699647862,50.27182300352138,-0.5436460070427566,⚪,"⚪ Buy: 49.7% | Sell: 50.3% | Net: -0.5% | Value: -83,511"
2025-10-14T03:32:42.229732,SOL/USDT,159572.06473303,130954.85914351999,28617.20558951002,54.92505224776861,45.074947752231395,9.850104495537211,⚪,"⚪ Buy: 54.9% | Sell: 45.1% | Net: 9.9% | Value: 28,617"
2025-10-14T03:32:43.467855,DOGE/USDT,34858630.03859273,29517286.78708454,5341343.251508195,54.148557034125,45.851442965874995,8.29711406825001,⚪,"⚪ Buy: 54.1% | Sell: 45.9% | Net: 8.3% | Value: 5,341,343"
2025-10-14T03:32:44.726030,ADA/USDT,8854330.743377531,8898559.69558502,-44228.95220748894,49.87543168713975,50.12456831286025,-0.24913662572050216,⚪,"⚪ Buy: 49.9% | Sell: 50.1% | Net: -0.2% | Value: -44,229"
2025-10-14T03:32:45.986492,TRX/USDT,2471692.845,2500036.925,-28344.07999999961,49.714947500052894,50.28505249994711,-0.5701049998942243,⚪,"⚪ Buy: 49.7% | Sell: 50.3% | Net: -0.6% | Value: -28,344"
2025-10-14T03:32:47.308180,AVAX/USDT,218542.305097526,184543.325731684,33998.97936584201,54.21733953848724,45.782660461512755,8.43467907697449,⚪,"⚪ Buy: 54.2% | Sell: 45.8% | Net: 8.4% | Value: 33,999"
2025-10-14T03:32:49.266181,DOT/USDT,305731.9408999999,323612.97119999997,-17881.030300000042,48.579393433059266,51.42060656694074,-2.8412131338814786,⚪,"⚪ Buy: 48.6% | Sell: 51.4% | Net: -2.8% | Value: -17,881"
2025-10-14T03:32:50.506859,LINK/USDT,364535.25766,356942.22204,7593.035619999981,50.52621431947934,49.47378568052066,1.052428638958664,⚪,"⚪ Buy: 50.5% | Sell: 49.5% | Net: 1.1% | Value: 7,593"
2025-10-14T03:32:51.788455,SUI/USDT,2152648.84,2075963.3599999999,76685.47999999998,50.906745243746876,49.09325475625314,1.8134904874937456,⚪,"⚪ Buy: 50.9% | Sell: 49.1% | Net: 1.8% | Value: 76,685"
2025-10-14T03:32:53.064676,SHIB/USDT,141578762801.69614,147409010815.44086,-5830248013.74472,48.99126389660539,51.008736103394625,-2.0174722067892312,⚪,"⚪ Buy: 49.0% | Sell: 51.0% | Net: -2.0% | Value: -5,830,248,014"
2025-10-14T03:32:54.380418,LTC/USDT,59858.90869394399,55932.07404091599,3926.834653027996,51.695656501171484,48.30434349882852,3.3913130023429576,⚪,"⚪ Buy: 51.7% | Sell: 48.3% | Net: 3.4% | Value: 3,927"
2025-10-14T03:32:55.640329,ATOM/USDT,305275.9838,332327.21369999996,-27051.229899999977,47.87867830603217,52.121321693967815,-4.24264338793564,⚪,"⚪ Buy: 47.9% | Sell: 52.1% | Net: -4.2% | Value: -27,051"
2025-10-14T03:32:56.867355,XLM/USDT,3755812.0289553357,3987873.0684330035,-232061.03947766777,48.50161107690231,51.49838892309769,-2.9967778461953913,⚪,"⚪ Buy: 48.5% | Sell: 51.5% | Net: -3.0% | Value: -232,061"
2025-10-14T03:32:58.162161,UNI/USDT,249090.05954000002,272010.84086,-22920.78131999998,47.800734819071906,52.19926518092809,-4.398530361856189,⚪,"⚪ Buy: 47.8% | Sell: 52.2% | Net: -4.4% | Value: -22,921"
2025-10-14T03:32:59.518137,ICP/USDT,82650.71931999999,71694.44058000001,10956.27873999998,53.5492783664543,46.450721633545704,7.098556732908591,⚪,"⚪ Buy: 53.5% | Sell: 46.5% | Net: 7.1% | Value: 10,956"
2025-10-14T03:33:00.786210,APT/USDT,103244.26308,101838.86292,1405.4001600000047,50.3426415881724,49.65735841182761,0.6852831763447982,⚪,"⚪ Buy: 50.3% | Sell: 49.7% | Net: 0.7% | Value: 1,405"
2025-10-14T03:33:02.003617,NEAR/USDT,648466.56472,590640.44548,57826.11924000003,52.333378746306444,47.666621253693556,4.666757492612887,⚪,"⚪ Buy: 52.3% | Sell: 47.7% | Net: 4.7% | Value: 57,826"
2025-10-14T03:33:03.019479,AAPL,38104400.0,0,38104400.0,100.0,0.0,100.0,🟢,"🟢 Buy: 100.0% | Sell: 0.0% | Net: 100.0% | Value: 38,104,400"
2025-10-14T03:33:03.295858,MSFT,14271600.0,0,14271600.0,100.0,0.0,100.0,🟢,"🟢 Buy: 100.0% | Sell: 0.0% | Net: 100.0% | Value: 14,271,600"
2025-10-14T03:33:03.514946,GOOG,12453300.0,0,12453300.0,100.0,0.0,100.0,🟢,"🟢 Buy: 100.0% | Sell: 0.0% | Net: 100.0% | Value: 12,453,300"
2025-10-14T03:33:03.733606,GC=F,0,0,0,0,0,0,⚪,⚪ Buy: 0.0% | Sell: 0.0% | Net: 0.0% | Value: 0
2025-10-14T03:33:03.958899,CL=F,0,0,0,0,0,0,⚪,⚪ Buy: 0.0% | Sell: 0.0% | Net: 0.0% | Value: 0
2025-10-14T03:33:04.370168,TSLA,79333800.0,0,79333800.0,100.0,0.0,100.0,🟢,"🟢 Buy: 100.0% | Sell: 0.0% | Net: 100.0% | Value: 79,333,800"
2025-10-14T03:33:04.621859,NVDA,153130700.0,0,153130700.0,100.0,0.0,100.0,🟢,"🟢 Buy: 100.0% | Sell: 0.0% | Net: 100.0% | Value: 153,130,700"
2025-10-14T04:21:13.270516,BTC/USDT,1126.3601414319999,1205.347254278,-78.98711284600017,48.30623874609385,51.693761253906146,-3.387522507812296,⚪,⚪ Buy: 48.3% | Sell: 51.7% | Net: -3.4% | Value: -79
2025-10-14T04:21:14.435651,ETH/USDT,52727.457066862,54927.978247118,-2200.5211802560007,48.97797952614369,51.0220204738563,-2.044040947712599,⚪,"⚪ Buy: 49.0% | Sell: 51.0% | Net: -2.0% | Value: -2,201"
2025-10-14T04:21:15.647974,BNB/USDT,3365.9062599999997,2934.84634,431.0599199999997,53.42070183806297,46.57929816193704,6.841403676125923,⚪,⚪ Buy: 53.4% | Sell: 46.6% | Net: 6.8% | Value: 431
2025-10-14T04:21:16.864461,XRP/USDT,7196298.673808175,7797897.356212263,-601598.6824040879,47.99389483370897,52.00610516629103,-4.012210332582052,⚪,"⚪ Buy: 48.0% | Sell: 52.0% | Net: -4.0% | Value: -601,599"
2025-10-14T04:21:18.096966,SOL/USDT,142748.13813303,124096.39074352001,18651.747389509997,53.494871614575764,46.50512838542423,6.9897432291515464,⚪,"⚪ Buy: 53.5% | Sell: 46.5% | Net: 7.0% | Value: 18,652"
2025-10-14T04:21:19.244000,DOGE/USDT,29089547.52372822,26752017.996487774,2337529.5272404477,52.093001427757436,47.906998572242564,4.186002855514868,⚪,"⚪ Buy: 52.1% | Sell: 47.9% | Net: 4.2% | Value: 2,337,530"
2025-10-14T04:21:20.599220,ADA/USDT,8075701.187377531,8755617.50158502,-679916.3142074887,47.98020485865628,52.01979514134373,-4.039590282687455,⚪,"⚪ Buy: 48.0% | Sell: 52.0% | Net: -4.0% | Value: -679,916"
2025-10-14T04:21:21.771935,TRX/USDT,2251703.017,2449641.7630000003,-197938.74600000028,47.894870986254276,52.105129013745724,-4.2102580274914505,⚪,"⚪ Buy: 47.9% | Sell: 52.1% | Net: -4.2% | Value: -197,939"
2025-10-14T04:21:23.081980,AVAX/USDT,205407.01641752606,183521.250411684,21885.766005842044,52.813599302548596,47.18640069745139,5.627198605097204,⚪,"⚪ Buy: 52.8% | Sell: 47.2% | Net: 5.6% | Value: 21,886"
2025-10-14T04:21:24.292943,DOT/USDT,295253.60293999995,307895.46426,-12641.861320000025,48.952011865102655,51.04798813489735,-2.09597626979469,⚪,"⚪ Buy: 49.0% | Sell: 51.0% | Net: -2.1% | Value: -12,642"
2025-10-14T04:21:25.438342,LINK/USDT,364169.99038,356394.32112,7775.669259999995,50.539554147763255,49.460445852236745,1.0791082955265119,⚪,"⚪ Buy: 50.5% | Sell: 49.5% | Net: 1.1% | Value: 7,776"
2025-10-14T04:21:26.797214,SUI/USDT,2039438.2000000002,2065015.9,-25577.69999999972,49.688415324220585,50.31158467577942,-0.6231693515588278,⚪,"⚪ Buy: 49.7% | Sell: 50.3% | Net: -0.6% | Value: -25,578"
2025-10-14T04:21:27.974450,SHIB/USDT,136153135922.00645,139270570495.90634,-3117434573.899887,49.43406567748935,50.56593432251065,-1.1318686450213051,⚪,"⚪ Buy: 49.4% | Sell: 50.6% | Net: -1.1% | Value: -3,117,434,574"
2025-10-14T04:21:29.162082,LTC/USDT,53616.08069394399,53271.245040915994,344.8356530279998,50.161308017885766,49.838691982114234,0.3226160357715226,⚪,⚪ Buy: 50.2% | Sell: 49.8% | Net: 0.3% | Value: 345
2025-10-14T04:21:30.351603,ATOM/USDT,292876.50784000003,326176.00646,-33299.49861999997,47.310446379686084,52.68955362031392,-5.379107240627835,⚪,"⚪ Buy: 47.3% | Sell: 52.7% | Net: -5.4% | Value: -33,299"
2025-10-14T04:21:31.576695,XLM/USDT,2753879.628955336,3430408.938433004,-676529.3094776683,44.53025758657822,55.46974241342178,-10.939484826843557,⚪,"⚪ Buy: 44.5% | Sell: 55.5% | Net: -10.9% | Value: -676,529"
2025-10-14T04:21:32.769807,UNI/USDT,240139.22512000002,278217.01947999996,-38077.79435999994,46.327063216014366,53.672936783985634,-7.345873567971278,⚪,"⚪ Buy: 46.3% | Sell: 53.7% | Net: -7.3% | Value: -38,078"
2025-10-14T04:21:33.929496,ICP/USDT,76465.17603999999,68213.11356,8252.062479999993,52.85186620011023,47.14813379988977,5.703732400220464,⚪,"⚪ Buy: 52.9% | Sell: 47.1% | Net: 5.7% | Value: 8,252"
2025-10-14T04:21:35.179996,APT/USDT,93175.13782000002,99939.86748,-6764.729659999983,48.248523036961544,51.751476963038456,-3.50295392607691,⚪,"⚪ Buy: 48.2% | Sell: 51.8% | Net: -3.5% | Value: -6,765"
2025-10-14T04:21:36.309555,NEAR/USDT,617213.57592,565451.4296800001,51762.146239999915,52.18836889545656,47.811631104543444,4.376737790913116,⚪,"⚪ Buy: 52.2% | Sell: 47.8% | Net: 4.4% | Value: 51,762"
2025-10-14T04:21:36.708822,AAPL,38104400.0,0,38104400.0,100.0,0.0,100.0,🟢,"🟢 Buy: 100.0% | Sell: 0.0% | Net: 100.0% | Value: 38,104,400"
2025-10-14T04:21:36.917822,MSFT,14271600.0,0,14271600.0,100.0,0.0,100.0,🟢,"🟢 Buy: 100.0% | Sell: 0.0% | Net: 100.0% | Value: 14,271,600"
2025-10-14T04:21:37.032796,GOOG,12453300.0,0,12453300.0,100.0,0.0,100.0,🟢,"🟢 Buy: 100.0% | Sell: 0.0% | Net: 100.0% | Value: 12,453,300"
2025-10-14T04:21:37.177954,GC=F,77404.0,0,77404.0,100.0,0.0,100.0,🟢,"🟢 Buy: 100.0% | Sell: 0.0% | Net: 100.0% | Value: 77,404"
2025-10-14T04:21:37.273840,CL=F,5300.0,0,5300.0,100.0,0.0,100.0,🟢,"🟢 Buy: 100.0% | Sell: 0.0% | Net: 100.0% | Value: 5,300"
2025-10-14T04:21:37.483959,TSLA,79333800.0,0,79333800.0,100.0,0.0,100.0,🟢,"🟢 Buy: 100.0% | Sell: 0.0% | Net: 100.0% | Value: 79,333,800"
2025-10-14T04:21:37.654885,NVDA,153130700.0,0,153130700.0,100.0,0.0,100.0,🟢,"🟢 Buy: 100.0% | Sell: 0.0% | Net: 100.0% | Value: 153,130,700"
2025-10-14T04:42:18.525328,BTC/USDT,1186.7574626079997,1295.943236042,-109.18577343400034,47.801068540131084,52.198931459868916,-4.397862919737828,⚪,⚪ Buy: 47.8% | Sell: 52.2% | Net: -4.4% | Value: -109
2025-10-14T04:42:19.959107,ETH/USDT,54723.738580061996,57922.400516917995,-3198.6619368559986,48.580216791051235,51.41978320894878,-2.8395664178975433,⚪,"⚪ Buy: 48.6% | Sell: 51.4% | Net: -2.8% | Value: -3,199"
2025-10-14T04:42:22.168899,BNB/USDT,3429.44938,3030.16102,399.28836,53.09065357873596,46.90934642126405,6.181307157471912,⚪,⚪ Buy: 53.1% | Sell: 46.9% | Net: 6.2% | Value: 399
2025-10-14T04:42:24.133309,XRP/USDT,7440486.718088175,8164179.422632263,-723692.7045440879,47.681165691024916,52.318834308975084,-4.637668617950172,⚪,"⚪ Buy: 47.7% | Sell: 52.3% | Net: -4.6% | Value: -723,693"
2025-10-14T04:42:26.321172,SOL/USDT,145328.63813303,127967.14074352001,17361.497389509997,53.17632007725819,46.82367992274181,6.352640154516374,⚪,"⚪ Buy: 53.2% | Sell: 46.8% | Net: 6.4% | Value: 17,361"
2025-10-14T04:42:28.435004,DOGE/USDT,29721302.05920822,27699649.799707774,2021652.2595004477,51.76037856745014,48.23962143254985,3.5207571349002933,⚪,"⚪ Buy: 51.8% | Sell: 48.2% | Net: 3.5% | Value: 2,021,652"
2025-10-14T04:42:30.015854,ADA/USDT,8283281.795377531,9066988.41358502,-783706.6182074891,47.74151466009257,52.25848533990742,-4.5169706798148495,⚪,"⚪ Buy: 47.7% | Sell: 52.3% | Net: -4.5% | Value: -783,707"
2025-10-14T04:42:31.929075,TRX/USDT,2293687.665,2512618.7350000003,-218931.0700000003,47.7224603283719,52.27753967162809,-4.555079343256191,⚪,"⚪ Buy: 47.7% | Sell: 52.3% | Net: -4.6% | Value: -218,931"
2025-10-14T04:42:33.168404,AVAX/USDT,209789.49281752607,190094.965011684,19694.52780584208,52.46252729010208,47.53747270989791,4.92505458020416,⚪,"⚪ Buy: 52.5% | Sell: 47.5% | Net: 4.9% | Value: 19,695"
2025-10-14T04:42:36.570988,DOT/USDT,312228.94178,333358.47252,-21129.530740000017,48.36354223518201,51.636457764817976,-3.272915529635971,⚪,"⚪ Buy: 48.4% | Sell: 51.6% | Net: -3.3% | Value: -21,130"
2025-10-14T04:42:38.104468,LINK/USDT,374943.9059799999,372555.19452,2388.711459999904,50.159780223039874,49.840219776960126,0.31956044607974804,⚪,"⚪ Buy: 50.2% | Sell: 49.8% | Net: 0.3% | Value: 2,389"
2025-10-14T04:42:40.426781,SUI/USDT,2089583.04,2140233.16,-50650.12000000011,49.401272802350135,50.598727197649865,-1.1974543952997323,⚪,"⚪ Buy: 49.4% | Sell: 50.6% | Net: -1.2% | Value: -50,650"
2025-10-14T04:42:41.969510,SHIB/USDT,139429148233.02432,144184588962.43317,-4755440729.408844,49.16163427476512,50.838365725234866,-1.6767314504697446,⚪,"⚪ Buy: 49.2% | Sell: 50.8% | Net: -1.7% | Value: -4,755,440,729"
2025-10-14T04:42:43.391714,LTC/USDT,54375.704293944,54410.680440915996,-34.97614697199606,49.98392439133939,50.01607560866061,-0.03215121732121331,⚪,⚪ Buy: 50.0% | Sell: 50.0% | Net: -0.0% | Value: -35
2025-10-14T04:42:45.307234,ATOM/USDT,298045.73900000006,333929.8532,-35884.11419999995,47.16095727090646,52.83904272909354,-5.67808545818709,⚪,"⚪ Buy: 47.2% | Sell: 52.8% | Net: -5.7% | Value: -35,884"
2025-10-14T04:42:47.736281,XLM/USDT,2853361.724955336,3579632.082433004,-726270.3574776677,44.35511381463215,55.644886185367845,-11.289772370735704,⚪,"⚪ Buy: 44.4% | Sell: 55.6% | Net: -11.3% | Value: -726,270"
2025-10-14T04:42:49.593251,UNI/USDT,248078.14056000003,290125.39264,-42047.25207999995,46.09374061240371,53.906259387596315,-7.812518775192602,⚪,"⚪ Buy: 46.1% | Sell: 53.9% | Net: -7.8% | Value: -42,047"
2025-10-14T04:42:51.084771,ICP/USDT,76705.21867999999,68573.17752,8132.041159999993,52.79877854268328,47.20122145731672,5.597557085366554,⚪,"⚪ Buy: 52.8% | Sell: 47.2% | Net: 5.6% | Value: 8,132"
2025-10-14T04:42:53.596240,APT/USDT,94909.79738000002,102541.85682,-7632.059439999983,48.06735996441199,51.93264003558801,-3.8652800711760165,⚪,"⚪ Buy: 48.1% | Sell: 51.9% | Net: -3.9% | Value: -7,632"
2025-10-14T04:42:55.163565,NEAR/USDT,635673.78224,593141.7391600001,42532.04307999986,51.73061140339206,48.269388596607946,3.461222806784109,⚪,"⚪ Buy: 51.7% | Sell: 48.3% | Net: 3.5% | Value: 42,532"
2025-10-14T04:42:55.592605,AAPL,38104400.0,0,38104400.0,100.0,0.0,100.0,🟢,"🟢 Buy: 100.0% | Sell: 0.0% | Net: 100.0% | Value: 38,104,400"
2025-10-14T04:42:55.737518,MSFT,14271600.0,0,14271600.0,100.0,0.0,100.0,🟢,"🟢 Buy: 100.0% | Sell: 0.0% | Net: 100.0% | Value: 14,271,600"
2025-10-14T04:42:55.846889,GOOG,12453300.0,0,12453300.0,100.0,0.0,100.0,🟢,"🟢 Buy: 100.0% | Sell: 0.0% | Net: 100.0% | Value: 12,453,300"
2025-10-14T04:42:55.941272,GC=F,82217.0,0,82217.0,100.0,0.0,100.0,🟢,"🟢 Buy: 100.0% | Sell: 0.0% | Net: 100.0% | Value: 82,217"
2025-10-14T04:42:56.056507,CL=F,0,6485.0,-6485.0,0.0,100.0,-100.0,🔴,"🔴 Buy: 0.0% | Sell: 100.0% | Net: -100.0% | Value: -6,485"
2025-10-14T04:42:56.161244,TSLA,79333800.0,0,79333800.0,100.0,0.0,100.0,🟢,"🟢 Buy: 100.0% | Sell: 0.0% | Net: 100.0% | Value: 79,333,800"
2025-10-14T04:42:56.290043,NVDA,153130700.0,0,153130700.0,100.0,0.0,100.0,🟢,"🟢 Buy: 100.0% | Sell: 0.0% | Net: 100.0% | Value: 153,130,700"
2025-10-14T05:16:44.206967,BTC/USDT,1148.900860594,1332.5657259759998,-183.6648653819998,46.29926781251022,53.70073218748978,-7.401464374979557,⚪,⚪ Buy: 46.3% | Sell: 53.7% | Net: -7.4% | Value: -184
2025-10-14T05:16:46.215222,ETH/USDT,51998.016393882,57654.248362298,-5656.231968416003,47.42083212736506,52.57916787263495,-5.158335745269883,⚪,"⚪ Buy: 47.4% | Sell: 52.6% | Net: -5.2% | Value: -5,656"
2025-10-14T05:16:47.553061,BNB/USDT,3798.2034800000006,3583.21082,214.9926600000008,51.45631075063759,48.54368924936241,2.9126215012751797,⚪,⚪ Buy: 51.5% | Sell: 48.5% | Net: 2.9% | Value: 215
2025-10-14T05:16:49.021442,XRP/USDT,7174134.395768176,8232978.353452263,-1058843.9576840876,46.56378201769938,53.43621798230062,-6.872435964601236,⚪,"⚪ Buy: 46.6% | Sell: 53.4% | Net: -6.9% | Value: -1,058,844"
2025-10-14T05:16:50.778551,SOL/USDT,131218.56113303,121560.73274352001,9657.828389509974,51.91032822376397,48.08967177623604,3.820656447527927,⚪,"⚪ Buy: 51.9% | Sell: 48.1% | Net: 3.8% | Value: 9,658"
2025-10-14T05:16:52.083108,DOGE/USDT,28175187.361933157,27543741.717857733,631445.6440754235,50.56663476353896,49.43336523646104,1.133269527077912,⚪,"⚪ Buy: 50.6% | Sell: 49.4% | Net: 1.1% | Value: 631,446"
2025-10-14T05:16:53.652031,ADA/USDT,7713781.221377529,8881752.04758502,-1167970.8262074906,46.48106870903671,53.51893129096329,-7.037862581926571,⚪,"⚪ Buy: 46.5% | Sell: 53.5% | Net: -7.0% | Value: -1,167,971"
2025-10-14T05:16:54.951767,TRX/USDT,1935548.0249999997,2324278.5650000004,-388730.54000000074,45.43724924258008,54.562750757419934,-9.12550151483985,⚪,"⚪ Buy: 45.4% | Sell: 54.6% | Net: -9.1% | Value: -388,731"
2025-10-14T05:16:56.471911,AVAX/USDT,178887.767337526,172743.878191684,6143.889145841997,50.873625742159156,49.12637425784085,1.7472514843183036,⚪,"⚪ Buy: 50.9% | Sell: 49.1% | Net: 1.7% | Value: 6,144"
2025-10-14T05:16:57.996542,DOT/USDT,315794.54352,347233.00428,-31438.460759999987,47.62917386582832,52.370826134171665,-4.7416522683433495,⚪,"⚪ Buy: 47.6% | Sell: 52.4% | Net: -4.7% | Value: -31,438"
2025-10-14T05:16:59.377934,LINK/USDT,354116.89602,366414.29798,-12297.401959999988,49.146643333251724,50.85335666674828,-1.7067133334965634,⚪,"⚪ Buy: 49.1% | Sell: 50.9% | Net: -1.7% | Value: -12,297"
2025-10-14T05:17:00.697252,SUI/USDT,2033117.0999999999,2161227.4000000004,-128110.30000000051,48.472820961654435,51.52717903834557,-3.0543580766911376,⚪,"⚪ Buy: 48.5% | Sell: 51.5% | Net: -3.1% | Value: -128,110"
2025-10-14T05:17:02.410592,SHIB/USDT,131044779551.5588,141475194407.43747,-10430414855.878662,48.08630268373502,51.91369731626499,-3.8273946325299577,⚪,"⚪ Buy: 48.1% | Sell: 51.9% | Net: -3.8% | Value: -10,430,414,856"
2025-10-14T05:17:03.683112,LTC/USDT,49251.809293943996,51783.894440915996,-2532.085146972,48.74693546272674,51.253064537273254,-2.5061290745465095,⚪,"⚪ Buy: 48.7% | Sell: 51.3% | Net: -2.5% | Value: -2,532"
2025-10-14T05:17:05.101119,ATOM/USDT,253109.47804000002,304647.14186000003,-51537.663820000016,45.37991464545591,54.62008535454408,-9.240170709088165,⚪,"⚪ Buy: 45.4% | Sell: 54.6% | Net: -9.2% | Value: -51,538"
2025-10-14T05:17:06.455317,XLM/USDT,2698012.156955336,3574204.0604330036,-876191.9034776674,43.01529257674012,56.984707423259884,-13.96941484651977,⚪,"⚪ Buy: 43.0% | Sell: 57.0% | Net: -14.0% | Value: -876,192"
2025-10-14T05:17:07.677943,UNI/USDT,235021.63850000003,286444.0606,-51422.422099999996,45.06943388714251,54.930566112857484,-9.861132225714977,⚪,"⚪ Buy: 45.1% | Sell: 54.9% | Net: -9.9% | Value: -51,422"
2025-10-14T05:17:09.452120,ICP/USDT,65308.11550000001,62207.921599999994,3100.193900000013,51.21560941294341,48.78439058705659,2.431218825886813,⚪,"⚪ Buy: 51.2% | Sell: 48.8% | Net: 2.4% | Value: 3,100"
2025-10-14T05:17:10.752994,APT/USDT,93550.36164,103008.39396000002,-9458.032320000013,47.59409539118998,52.405904608810005,-4.811809217620022,⚪,"⚪ Buy: 47.6% | Sell: 52.4% | Net: -4.8% | Value: -9,458"
2025-10-14T05:17:12.074512,NEAR/USDT,587948.42282,574735.14098,13213.281839999952,50.56822347246464,49.431776527535355,1.1364469449292778,⚪,"⚪ Buy: 50.6% | Sell: 49.4% | Net: 1.1% | Value: 13,213"
2025-10-14T05:17:13.191901,AAPL,38104400.0,0,38104400.0,100.0,0.0,100.0,🟢,"🟢 Buy: 100.0% | Sell: 0.0% | Net: 100.0% | Value: 38,104,400"
2025-10-14T05:17:13.545402,MSFT,14271600.0,0,14271600.0,100.0,0.0,100.0,🟢,"🟢 Buy: 100.0% | Sell: 0.0% | Net: 100.0% | Value: 14,271,600"
2025-10-14T05:17:13.834163,GOOG,12453300.0,0,12453300.0,100.0,0.0,100.0,🟢,"🟢 Buy: 100.0% | Sell: 0.0% | Net: 100.0% | Value: 12,453,300"
2025-10-14T05:17:14.116064,GC=F,87282.0,0,87282.0,100.0,0.0,100.0,🟢,"🟢 Buy: 100.0% | Sell: 0.0% | Net: 100.0% | Value: 87,282"
2025-10-14T05:17:14.412416,CL=F,0,7080.0,-7080.0,0.0,100.0,-100.0,🔴,"🔴 Buy: 0.0% | Sell: 100.0% | Net: -100.0% | Value: -7,080"
2025-10-14T05:17:14.674963,TSLA,79333800.0,0,79333800.0,100.0,0.0,100.0,🟢,"🟢 Buy: 100.0% | Sell: 0.0% | Net: 100.0% | Value: 79,333,800"
2025-10-14T05:17:15.021731,NVDA,153130700.0,0,153130700.0,100.0,0.0,100.0,🟢,"🟢 Buy: 100.0% | Sell: 0.0% | Net: 100.0% | Value: 153,130,700"
2025-10-14T05:39:35.708350,BTC/USDT,1193.2401119840001,1473.5923923359999,-280.35228035199975,44.743721626726504,55.25627837327348,-10.512556746546972,⚪,⚪ Buy: 44.7% | Sell: 55.3% | Net: -10.5% | Value: -280
2025-10-14T05:39:39.147608,ETH/USDT,53428.070265541995,61691.804732838,-8263.734467296003,46.41081330768805,53.58918669231194,-7.1783733846238915,⚪,"⚪ Buy: 46.4% | Sell: 53.6% | Net: -7.2% | Value: -8,264"
2025-10-14T05:39:43.289809,BNB/USDT,3783.2815400000004,3791.9639599999996,-8.682419999999183,49.942692154333486,50.05730784566651,-0.11461569133302918,⚪,⚪ Buy: 49.9% | Sell: 50.1% | Net: -0.1% | Value: -9
2025-10-14T05:39:45.759896,XRP/USDT,7372637.947162083,8808096.647193125,-1435458.7000310412,45.56429687521167,54.43570312478834,-8.871406249576665,⚪,"⚪ Buy: 45.6% | Sell: 54.4% | Net: -8.9% | Value: -1,435,459"
2025-10-14T05:39:49.163578,SOL/USDT,133950.18347043399,128660.72474962601,5289.458720807976,51.00709044354996,48.99290955645004,2.0141808870999256,⚪,"⚪ Buy: 51.0% | Sell: 49.0% | Net: 2.0% | Value: 5,289"
2025-10-14T05:39:50.858079,DOGE/USDT,28935173.674945943,29470270.85967691,-535097.1847309656,49.5419115555111,50.4580884444889,-0.9161768889778061,⚪,"⚪ Buy: 49.5% | Sell: 50.5% | Net: -0.9% | Value: -535,097"
2025-10-14T05:39:53.366653,ADA/USDT,7990258.59337753,9558637.70558502,-1568379.11220749,45.531402415603175,54.468597584396825,-8.937195168793659,⚪,"⚪ Buy: 45.5% | Sell: 54.5% | Net: -8.9% | Value: -1,568,379"
2025-10-14T05:39:54.562156,TRX/USDT,1945220.2029999997,2479400.3270000005,-534180.1240000008,43.9635487339747,56.0364512660253,-12.072902532050602,⚪,"⚪ Buy: 44.0% | Sell: 56.0% | Net: -12.1% | Value: -534,180"
2025-10-14T05:39:55.955392,AVAX/USDT,184943.679057526,185307.390471684,-363.711414157995,49.950883137944686,50.04911686205532,-0.09823372411063377,⚪,⚪ Buy: 50.0% | Sell: 50.0% | Net: -0.1% | Value: -364
2025-10-14T05:39:59.801360,DOT/USDT,325763.48332,380133.29368,-54369.81036,46.148883793529485,53.85111620647051,-7.702232412941022,⚪,"⚪ Buy: 46.1% | Sell: 53.9% | Net: -7.7% | Value: -54,370"
2025-10-14T05:40:03.435924,LINK/USDT,360469.20376,386642.05844,-26172.85467999999,48.248396456845704,51.7516035431543,-3.5032070863085956,⚪,"⚪ Buy: 48.2% | Sell: 51.8% | Net: -3.5% | Value: -26,173"
2025-10-14T05:40:04.692232,SUI/USDT,2113266.7199999997,2342308.8800000004,-229042.16000000061,47.429713009470646,52.57028699052936,-5.140573981058713,⚪,"⚪ Buy: 47.4% | Sell: 52.6% | Net: -5.1% | Value: -229,042"
2025-10-14T05:40:07.051247,SHIB/USDT,133133304366.73848,147985523994.49887,-14852219627.760391,47.35837337642228,52.64162662357772,-5.283253247155437,⚪,"⚪ Buy: 47.4% | Sell: 52.6% | Net: -5.3% | Value: -14,852,219,628"
2025-10-14T05:40:09.869155,LTC/USDT,51244.625493944,55576.341240915994,-4331.715746971997,47.97244123537857,52.02755876462143,-4.055117529242865,⚪,"⚪ Buy: 48.0% | Sell: 52.0% | Net: -4.1% | Value: -4,332"
2025-10-14T05:40:12.903930,ATOM/USDT,263348.9243,320488.2925,-57139.36819999997,45.10656681727316,54.893433182726824,-9.78686636545366,⚪,"⚪ Buy: 45.1% | Sell: 54.9% | Net: -9.8% | Value: -57,139"
2025-10-14T05:40:15.513968,XLM/USDT,2902739.886955336,3914511.8904330037,-1011772.0034776675,42.579326416888826,57.42067358311118,-14.841347166222354,⚪,"⚪ Buy: 42.6% | Sell: 57.4% | Net: -14.8% | Value: -1,011,772"
2025-10-14T05:40:16.684900,UNI/USDT,242951.48818000004,305247.38982,-62295.90163999994,44.31812941069172,55.68187058930828,-11.363741178616555,⚪,"⚪ Buy: 44.3% | Sell: 55.7% | Net: -11.4% | Value: -62,296"
2025-10-14T05:40:18.405319,ICP/USDT,66352.5746,64257.356199999995,2095.2184000000125,50.80209000462928,49.19790999537073,1.6041800092585399,⚪,"⚪ Buy: 50.8% | Sell: 49.2% | Net: 1.6% | Value: 2,095"
2025-10-14T05:40:21.201896,APT/USDT,97458.95574,112074.20886000001,-14615.253120000008,46.51242485935326,53.48757514064674,-6.975150281293469,⚪,"⚪ Buy: 46.5% | Sell: 53.5% | Net: -7.0% | Value: -14,615"
2025-10-14T05:40:23.505439,NEAR/USDT,605355.84968,611774.03792,-6418.188240000047,49.736339222896916,50.263660777103084,-0.5273215542061631,⚪,"⚪ Buy: 49.7% | Sell: 50.3% | Net: -0.5% | Value: -6,418"
2025-10-14T05:40:23.923630,AAPL,38104400.0,0,38104400.0,100.0,0.0,100.0,🟢,"🟢 Buy: 100.0% | Sell: 0.0% | Net: 100.0% | Value: 38,104,400"
2025-10-14T05:40:24.078745,MSFT,14271600.0,0,14271600.0,100.0,0.0,100.0,🟢,"🟢 Buy: 100.0% | Sell: 0.0% | Net: 100.0% | Value: 14,271,600"
2025-10-14T05:40:24.188374,GOOG,12453300.0,0,12453300.0,100.0,0.0,100.0,🟢,"🟢 Buy: 100.0% | Sell: 0.0% | Net: 100.0% | Value: 12,453,300"
2025-10-14T05:40:24.293621,GC=F,93079.0,0,93079.0,100.0,0.0,100.0,🟢,"🟢 Buy: 100.0% | Sell: 0.0% | Net: 100.0% | Value: 93,079"
2025-10-14T05:40:24.400002,CL=F,0,7513.0,-7513.0,0.0,100.0,-100.0,🔴,"🔴 Buy: 0.0% | Sell: 100.0% | Net: -100.0% | Value: -7,513"
2025-10-14T05:40:24.506564,TSLA,79333800.0,0,79333800.0,100.0,0.0,100.0,🟢,"🟢 Buy: 100.0% | Sell: 0.0% | Net: 100.0% | Value: 79,333,800"
2025-10-14T05:40:24.637349,NVDA,153130700.0,0,153130700.0,100.0,0.0,100.0,🟢,"🟢 Buy: 100.0% | Sell: 0.0% | Net: 100.0% | Value: 153,130,700"
2025-10-14T06:26:46.130170,BTC/USDT,1111.578772568,1533.883980422,-422.30520785399995,42.01831121272271,57.9816887872773,-15.963377574554583,⚪,⚪ Buy: 42.0% | Sell: 58.0% | Net: -16.0% | Value: -422
2025-10-14T06:26:47.330221,ETH/USDT,54426.224623062,63189.036269118,-8762.811646055998,46.27479819388021,53.72520180611979,-7.450403612239591,⚪,"⚪ Buy: 46.3% | Sell: 53.7% | Net: -7.5% | Value: -8,763"
2025-10-14T06:26:48.510421,BNB/USDT,3958.7265800000005,4055.13152,-96.40493999999944,49.39851106173193,50.60148893826807,-1.2029778765361396,⚪,⚪ Buy: 49.4% | Sell: 50.6% | Net: -1.2% | Value: -96
2025-10-14T06:26:50.106753,XRP/USDT,7494156.311402083,8990374.193553127,-1496217.882151044,45.46175160493263,54.53824839506738,-9.076496790134755,⚪,"⚪ Buy: 45.5% | Sell: 54.5% | Net: -9.1% | Value: -1,496,218"
2025-10-14T06:26:51.918834,SOL/USDT,120857.76893051,128821.83793974001,-7964.0690092300065,48.405142272318486,51.59485772768151,-3.189715455363025,⚪,"⚪ Buy: 48.4% | Sell: 51.6% | Net: -3.2% | Value: -7,964"
2025-10-14T06:26:53.156397,DOGE/USDT,21508213.412999734,26448010.70867334,-4939797.295673605,44.84968073889585,55.150319261104144,-10.300638522208299,⚪,"⚪ Buy: 44.8% | Sell: 55.2% | Net: -10.3% | Value: -4,939,797"
2025-10-14T06:26:54.360943,ADA/USDT,7828426.94537753,9315890.233585019,-1487463.288207489,45.661934877077734,54.338065122922266,-8.67613024584453,⚪,"⚪ Buy: 45.7% | Sell: 54.3% | Net: -8.7% | Value: -1,487,463"
2025-10-14T06:26:56.324364,TRX/USDT,2109518.071,2725847.1289999997,-616329.0579999997,43.62686133820875,56.37313866179126,-12.746277323582506,⚪,"⚪ Buy: 43.6% | Sell: 56.4% | Net: -12.7% | Value: -616,329"
2025-10-14T06:26:57.472032,AVAX/USDT,171492.01327752598,186465.173651684,-14973.160374158004,47.908526365595904,52.091473634404096,-4.182947268808187,⚪,"⚪ Buy: 47.9% | Sell: 52.1% | Net: -4.2% | Value: -14,973"
2025-10-14T06:26:59.082920,DOT/USDT,327262.24308,382381.43331999995,-55119.19023999997,46.11641785356152,53.88358214643847,-7.767164292876938,⚪,"⚪ Buy: 46.1% | Sell: 53.9% | Net: -7.8% | Value: -55,119"
2025-10-14T06:27:00.278223,LINK/USDT,326443.30454,376874.09006,-50430.785520000034,46.41479182036428,53.585208179635714,-7.170416359271435,⚪,"⚪ Buy: 46.4% | Sell: 53.6% | Net: -7.2% | Value: -50,431"
2025-10-14T06:27:01.637957,SUI/USDT,2015750.54,2393326.06,-377575.52,45.71820185659737,54.28179814340264,-8.56359628680527,⚪,"⚪ Buy: 45.7% | Sell: 54.3% | Net: -8.6% | Value: -377,576"
2025-10-14T06:27:03.226037,SHIB/USDT,130486586090.2583,144015446579.77856,-13528860489.520264,47.53574493457713,52.46425506542287,-4.928510130845745,⚪,"⚪ Buy: 47.5% | Sell: 52.5% | Net: -4.9% | Value: -13,528,860,490"
2025-10-14T06:27:04.897235,LTC/USDT,47067.711893944004,49310.970840916,-2243.258946971997,48.83622659943213,51.16377340056787,-2.327546801135739,⚪,"⚪ Buy: 48.8% | Sell: 51.2% | Net: -2.3% | Value: -2,243"
2025-10-14T06:27:06.117996,ATOM/USDT,262974.71874000004,319926.98415999993,-56952.265419999894,45.114762477390606,54.8852375226094,-9.770475045218795,⚪,"⚪ Buy: 45.1% | Sell: 54.9% | Net: -9.8% | Value: -56,952"
2025-10-14T06:27:09.136628,XLM/USDT,3739661.990955336,5169895.046433004,-1430233.0554776676,41.97360177685718,58.02639822314282,-16.05279644628564,⚪,"⚪ Buy: 42.0% | Sell: 58.0% | Net: -16.1% | Value: -1,430,233"
2025-10-14T06:27:11.751608,UNI/USDT,241907.06665999995,303680.75753999996,-61773.69088000001,44.338794952895135,55.661205047104865,-11.322410094209728,⚪,"⚪ Buy: 44.3% | Sell: 55.7% | Net: -11.3% | Value: -61,774"
2025-10-14T06:27:13.109080,ICP/USDT,56885.15766000001,60921.40534,-4036.247679999986,48.28691730867321,51.7130826913268,-3.4261653826535845,⚪,"⚪ Buy: 48.3% | Sell: 51.7% | Net: -3.4% | Value: -4,036"
2025-10-14T06:27:14.561842,APT/USDT,96733.81692,107626.93848,-10893.12156,47.33483037418837,52.66516962581163,-5.3303392516232595,⚪,"⚪ Buy: 47.3% | Sell: 52.7% | Net: -5.3% | Value: -10,893"
2025-10-14T06:27:15.717068,NEAR/USDT,529288.055,588979.7467,-59691.69169999997,47.331064544232774,52.66893545576722,-5.337870911534441,⚪,"⚪ Buy: 47.3% | Sell: 52.7% | Net: -5.3% | Value: -59,692"
2025-10-14T06:27:16.088557,AAPL,38104400.0,0,38104400.0,100.0,0.0,100.0,🟢,"🟢 Buy: 100.0% | Sell: 0.0% | Net: 100.0% | Value: 38,104,400"
2025-10-14T06:27:16.231667,MSFT,14271600.0,0,14271600.0,100.0,0.0,100.0,🟢,"🟢 Buy: 100.0% | Sell: 0.0% | Net: 100.0% | Value: 14,271,600"
2025-10-14T06:27:16.323045,GOOG,12453300.0,0,12453300.0,100.0,0.0,100.0,🟢,"🟢 Buy: 100.0% | Sell: 0.0% | Net: 100.0% | Value: 12,453,300"
2025-10-14T06:27:16.419984,GC=F,141732.0,0,141732.0,100.0,0.0,100.0,🟢,"🟢 Buy: 100.0% | Sell: 0.0% | Net: 100.0% | Value: 141,732"
2025-10-14T06:27:16.515633,CL=F,0,11279.0,-11279.0,0.0,100.0,-100.0,🔴,"🔴 Buy: 0.0% | Sell: 100.0% | Net: -100.0% | Value: -11,279"
2025-10-14T06:27:16.610456,TSLA,79333800.0,0,79333800.0,100.0,0.0,100.0,🟢,"🟢 Buy: 100.0% | Sell: 0.0% | Net: 100.0% | Value: 79,333,800"
2025-10-14T06:27:16.741415,NVDA,153130700.0,0,153130700.0,100.0,0.0,100.0,🟢,"🟢 Buy: 100.0% | Sell: 0.0% | Net: 100.0% | Value: 153,130,700"
2025-10-14T06:49:30.451057,BTC/USDT,1195.842310876,1660.2792878839998,-464.43697700799976,41.86944671386475,58.13055328613525,-16.261106572270506,⚪,⚪ Buy: 41.9% | Sell: 58.1% | Net: -16.3% | Value: -464
2025-10-14T06:49:32.630368,ETH/USDT,59483.008908505995,70774.21269728399,-11291.203788777995,45.66580507031324,54.33419492968676,-8.668389859373521,⚪,"⚪ Buy: 45.7% | Sell: 54.3% | Net: -8.7% | Value: -11,291"
2025-10-14T06:49:35.793446,BNB/USDT,4440.14594,4777.26056,-337.1146199999994,48.17131521757232,51.82868478242767,-3.6573695648553564,⚪,⚪ Buy: 48.2% | Sell: 51.8% | Net: -3.7% | Value: -337
2025-10-14T06:49:37.658830,XRP/USDT,8508331.994962083,10511637.718893128,-2003305.7239310443,44.73367793411436,55.26632206588563,-10.532644131771274,⚪,"⚪ Buy: 44.7% | Sell: 55.3% | Net: -10.5% | Value: -2,003,306"
2025-10-14T06:49:39.432761,SOL/USDT,131333.26933051,144535.08853974,-13201.819209230016,47.60722481709206,52.39277518290793,-4.785550365815882,⚪,"⚪ Buy: 47.6% | Sell: 52.4% | Net: -4.8% | Value: -13,202"
2025-10-14T06:49:41.144201,DOGE/USDT,25443029.549119733,32350234.912853338,-6907205.363733605,44.024212485627615,55.975787514372385,-11.951575028744779,⚪,"⚪ Buy: 44.0% | Sell: 56.0% | Net: -12.0% | Value: -6,907,205"
2025-10-14T06:49:42.402649,ADA/USDT,9218777.49337753,11401416.05558502,-2182638.56220749,44.707521641286185,55.292478358713815,-10.58495671742763,⚪,"⚪ Buy: 44.7% | Sell: 55.3% | Net: -10.6% | Value: -2,182,639"
2025-10-14T06:49:43.722724,TRX/USDT,2491557.931,3298906.9189999998,-807348.9879999999,43.02863406553621,56.97136593446379,-13.942731868927586,⚪,"⚪ Buy: 43.0% | Sell: 57.0% | Net: -13.9% | Value: -807,349"
2025-10-14T06:49:46.829532,AVAX/USDT,185618.96071752597,207655.594811684,-22036.634094158013,47.19831428396068,52.80168571603932,-5.603371432078644,⚪,"⚪ Buy: 47.2% | Sell: 52.8% | Net: -5.6% | Value: -22,037"
2025-10-14T06:49:48.955267,DOT/USDT,376251.58396,455865.44463999994,-79613.86067999993,45.21618606856618,54.78381393143382,-9.567627862867646,⚪,"⚪ Buy: 45.2% | Sell: 54.8% | Net: -9.6% | Value: -79,614"
2025-10-14T06:49:51.172981,LINK/USDT,348957.393870472,410645.22405570804,-61687.83018523606,45.93946698382555,54.06053301617445,-8.121066032348907,⚪,"⚪ Buy: 45.9% | Sell: 54.1% | Net: -8.1% | Value: -61,688"
2025-10-14T06:49:52.408740,SUI/USDT,2267079.66,2770319.74,-503240.0800000001,45.0049614886602,54.9950385113398,-9.9900770226796,⚪,"⚪ Buy: 45.0% | Sell: 55.0% | Net: -10.0% | Value: -503,240"
2025-10-14T06:49:56.090417,SHIB/USDT,141009581178.57913,159799939212.25983,-18790358033.680695,46.876701573596044,53.12329842640394,-6.246596852807903,⚪,"⚪ Buy: 46.9% | Sell: 53.1% | Net: -6.2% | Value: -18,790,358,034"
2025-10-14T06:49:58.161724,LTC/USDT,50672.943493944,54718.818240916,-4045.8747469719965,48.080554551716084,51.919445448283916,-3.838890896567828,⚪,"⚪ Buy: 48.1% | Sell: 51.9% | Net: -3.8% | Value: -4,046"
2025-10-14T06:49:59.842538,ATOM/USDT,267630.00234000006,326909.90955999994,-59279.90721999988,45.01464022570359,54.98535977429641,-9.970719548592829,⚪,"⚪ Buy: 45.0% | Sell: 55.0% | Net: -10.0% | Value: -59,280"
2025-10-14T06:50:04.299429,XLM/USDT,4336472.234955336,6065110.412433004,-1728638.177477668,41.690504050786444,58.30949594921356,-16.618991898427108,⚪,"⚪ Buy: 41.7% | Sell: 58.3% | Net: -16.6% | Value: -1,728,638"
2025-10-14T06:50:06.751632,UNI/USDT,256653.37749999997,325800.2238,-69146.8463,44.064175571610456,55.93582442838954,-11.871648856779075,⚪,"⚪ Buy: 44.1% | Sell: 55.9% | Net: -11.9% | Value: -69,147"
2025-10-14T06:50:10.583902,ICP/USDT,67005.97702,76102.63438,-9096.657359999997,46.82176450773668,53.178235492263326,-6.35647098452665,⚪,"⚪ Buy: 46.8% | Sell: 53.2% | Net: -6.4% | Value: -9,097"
2025-10-14T06:50:13.648538,APT/USDT,115910.94862000001,139752.19818,-23841.249559999997,45.337370704693214,54.662629295306786,-9.325258590613576,⚪,"⚪ Buy: 45.3% | Sell: 54.7% | Net: -9.3% | Value: -23,841"
2025-10-14T06:50:16.645486,NEAR/USDT,588491.39372,677784.7547800001,-89293.36106000002,46.474175038131506,53.525824961868494,-7.051649923736996,⚪,"⚪ Buy: 46.5% | Sell: 53.5% | Net: -7.1% | Value: -89,293"
2025-10-14T06:50:17.049328,AAPL,38104400.0,0,38104400.0,100.0,0.0,100.0,🟢,"🟢 Buy: 100.0% | Sell: 0.0% | Net: 100.0% | Value: 38,104,400"
2025-10-14T06:50:17.184584,MSFT,14271600.0,0,14271600.0,100.0,0.0,100.0,🟢,"🟢 Buy: 100.0% | Sell: 0.0% | Net: 100.0% | Value: 14,271,600"
2025-10-14T06:50:17.289232,GOOG,12453300.0,0,12453300.0,100.0,0.0,100.0,🟢,"🟢 Buy: 100.0% | Sell: 0.0% | Net: 100.0% | Value: 12,453,300"
2025-10-14T06:50:17.377050,GC=F,160995.0,0,160995.0,100.0,0.0,100.0,🟢,"🟢 Buy: 100.0% | Sell: 0.0% | Net: 100.0% | Value: 160,995"
2025-10-14T06:50:17.463651,CL=F,0,12348.0,-12348.0,0.0,100.0,-100.0,🔴,"🔴 Buy: 0.0% | Sell: 100.0% | Net: -100.0% | Value: -12,348"
2025-10-14T06:50:17.550966,TSLA,79333800.0,0,79333800.0,100.0,0.0,100.0,🟢,"🟢 Buy: 100.0% | Sell: 0.0% | Net: 100.0% | Value: 79,333,800"
2025-10-14T06:50:17.688572,NVDA,153130700.0,0,153130700.0,100.0,0.0,100.0,🟢,"🟢 Buy: 100.0% | Sell: 0.0% | Net: 100.0% | Value: 153,130,700"
2025-10-14T07:18:00.203199,BTC/USDT,1142.074689012,1651.6277958479998,-509.55310683599987,40.88032620514466,59.119673794855345,-18.239347589710686,⚪,⚪ Buy: 40.9% | Sell: 59.1% | Net: -18.2% | Value: -510
2025-10-14T07:18:01.249011,ETH/USDT,59531.11658246599,72680.79235192398,-13149.675769457994,45.027045643829446,54.972954356170554,-9.945908712341115,⚪,"⚪ Buy: 45.0% | Sell: 55.0% | Net: -9.9% | Value: -13,150"
2025-10-14T07:18:02.940554,BNB/USDT,4222.25848,4727.5481199999995,-505.28963999999905,47.17709184911325,52.82290815088674,-5.645816301773483,⚪,⚪ Buy: 47.2% | Sell: 52.8% | Net: -5.6% | Value: -505
2025-10-14T07:18:04.175845,XRP/USDT,8213913.978662084,10566023.570093127,-2352109.591431043,43.73770656764791,56.262293432352095,-12.52458686470418,⚪,"⚪ Buy: 43.7% | Sell: 56.3% | Net: -12.5% | Value: -2,352,110"
2025-10-14T07:18:05.302491,SOL/USDT,121773.56893051,140366.41593974002,-18592.847009230027,46.45364154987023,53.54635845012977,-7.092716900259541,⚪,"⚪ Buy: 46.5% | Sell: 53.5% | Net: -7.1% | Value: -18,593"
2025-10-14T07:18:06.429880,DOGE/USDT,24907841.909102004,32649025.261574857,-7741183.352472853,43.275187016766004,56.72481298323401,-13.449625966468004,⚪,"⚪ Buy: 43.3% | Sell: 56.7% | Net: -13.4% | Value: -7,741,183"
2025-10-14T07:18:07.519684,ADA/USDT,8808517.660000002,11367556.44,-2559038.7799999975,43.65823408628342,56.34176591371658,-12.683531827433153,⚪,"⚪ Buy: 43.7% | Sell: 56.3% | Net: -12.7% | Value: -2,559,039"
2025-10-14T07:18:08.703126,TRX/USDT,2632695.0109999995,3585143.789,-952448.7780000004,42.34099814552928,57.65900185447072,-15.318003708941449,⚪,"⚪ Buy: 42.3% | Sell: 57.7% | Net: -15.3% | Value: -952,449"
2025-10-14T07:18:09.834515,AVAX/USDT,229613.78083999996,239351.32935999997,-9737.548520000011,48.96180458756865,51.03819541243134,-2.076390824862692,⚪,"⚪ Buy: 49.0% | Sell: 51.0% | Net: -2.1% | Value: -9,738"
2025-10-14T07:18:11.029152,DOT/USDT,367535.56018000003,456909.41121999995,-89373.85103999992,44.57975643369908,55.42024356630092,-10.84048713260184,⚪,"⚪ Buy: 44.6% | Sell: 55.4% | Net: -10.8% | Value: -89,374"
2025-10-14T07:18:12.055355,LINK/USDT,315210.16870982,393052.43968193996,-77842.27097211994,44.50470277197924,55.49529722802077,-10.990594456041535,⚪,"⚪ Buy: 44.5% | Sell: 55.5% | Net: -11.0% | Value: -77,842"
2025-10-14T07:18:13.176003,SUI/USDT,2032791.6400000004,2657772.86,-624981.2199999995,43.337889074971685,56.66211092502832,-13.324221850056631,⚪,"⚪ Buy: 43.3% | Sell: 56.7% | Net: -13.3% | Value: -624,981"
2025-10-14T07:18:14.392687,SHIB/USDT,133252928472.11433,156134056157.34537,-22881127685.231033,46.046621150821835,53.95337884917816,-7.906757698356322,⚪,"⚪ Buy: 46.0% | Sell: 54.0% | Net: -7.9% | Value: -22,881,127,685"
2025-10-14T07:18:15.409829,LTC/USDT,44739.17909394401,51632.304640915994,-6893.125546971984,46.42366949234872,53.576330507651285,-7.152661015302566,⚪,"⚪ Buy: 46.4% | Sell: 53.6% | Net: -7.2% | Value: -6,893"
2025-10-14T07:18:16.486190,ATOM/USDT,264858.59644,322056.12756,-57197.53112,45.12727072766367,54.87272927233634,-9.745458544672667,⚪,"⚪ Buy: 45.1% | Sell: 54.9% | Net: -9.7% | Value: -57,198"
2025-10-14T07:18:17.592313,XLM/USDT,4722995.696080136,6438920.486516204,-1715924.7904360676,42.31348469937654,57.686515300623455,-15.37303060124692,⚪,"⚪ Buy: 42.3% | Sell: 57.7% | Net: -15.4% | Value: -1,715,925"
2025-10-14T07:18:18.688665,UNI/USDT,247618.05292000002,324418.24597999995,-76800.19305999993,43.28712240746931,56.71287759253069,-13.425755185061375,⚪,"⚪ Buy: 43.3% | Sell: 56.7% | Net: -13.4% | Value: -76,800"
2025-10-14T07:18:19.771237,ICP/USDT,58254.45524000001,71111.32156,-12856.866319999986,45.03080851905804,54.96919148094196,-9.938382961883924,⚪,"⚪ Buy: 45.0% | Sell: 55.0% | Net: -9.9% | Value: -12,857"
2025-10-14T07:18:21.056268,APT/USDT,111677.90592,137649.28898,-25971.383060000007,44.79170672288344,55.20829327711656,-10.41658655423312,⚪,"⚪ Buy: 44.8% | Sell: 55.2% | Net: -10.4% | Value: -25,971"
2025-10-14T07:18:22.081992,NEAR/USDT,559220.47552,668824.28328,-109603.80776,45.5374668970901,54.462533102909894,-8.925066205819794,⚪,"⚪ Buy: 45.5% | Sell: 54.5% | Net: -8.9% | Value: -109,604"
2025-10-14T07:18:23.240068,AAPL,38104400.0,0,38104400.0,100.0,0.0,100.0,🟢,"🟢 Buy: 100.0% | Sell: 0.0% | Net: 100.0% | Value: 38,104,400"
2025-10-14T07:18:23.569828,MSFT,14271600.0,0,14271600.0,100.0,0.0,100.0,🟢,"🟢 Buy: 100.0% | Sell: 0.0% | Net: 100.0% | Value: 14,271,600"
2025-10-14T07:18:23.753350,GOOG,12453300.0,0,12453300.0,100.0,0.0,100.0,🟢,"🟢 Buy: 100.0% | Sell: 0.0% | Net: 100.0% | Value: 12,453,300"
2025-10-14T07:18:23.948961,GC=F,174081.0,0,174081.0,100.0,0.0,100.0,🟢,"🟢 Buy: 100.0% | Sell: 0.0% | Net: 100.0% | Value: 174,081"
2025-10-14T07:18:24.136075,CL=F,0,16275.0,-16275.0,0.0,100.0,-100.0,🔴,"🔴 Buy: 0.0% | Sell: 100.0% | Net: -100.0% | Value: -16,275"
2025-10-14T07:18:24.311077,TSLA,79333800.0,0,79333800.0,100.0,0.0,100.0,🟢,"🟢 Buy: 100.0% | Sell: 0.0% | Net: 100.0% | Value: 79,333,800"
2025-10-14T07:18:24.527426,NVDA,153130700.0,0,153130700.0,100.0,0.0,100.0,🟢,"🟢 Buy: 100.0% | Sell: 0.0% | Net: 100.0% | Value: 153,130,700"
2025-10-14T07:38:23.139389,BTC/USDT,1180.530508424,1770.7957626359998,-590.265254212,40.0,60.0,-20.0,🔴,🔴 Buy: 40.0% | Sell: 60.0% | Net: -20.0% | Value: -590
2025-10-14T07:38:24.486037,ETH/USDT,60254.21725186599,77279.28945852398,-17025.07220665799,43.81057292369183,56.18942707630817,-12.378854152616347,⚪,"⚪ Buy: 43.8% | Sell: 56.2% | Net: -12.4% | Value: -17,025"
2025-10-14T07:38:25.633131,BNB/USDT,4494.486040000001,4909.03316,-414.54711999999927,47.795787347358214,52.20421265264179,-4.408425305283571,⚪,⚪ Buy: 47.8% | Sell: 52.2% | Net: -4.4% | Value: -415
2025-10-14T07:38:26.852846,XRP/USDT,8423134.838662084,11304879.769893127,-2881744.9312310424,42.69631286165676,57.30368713834323,-14.607374276686466,⚪,"⚪ Buy: 42.7% | Sell: 57.3% | Net: -14.6% | Value: -2,881,745"
2025-10-14T07:38:28.039304,SOL/USDT,125252.24073050999,150151.24913974002,-24899.008409230024,45.47954014290803,54.52045985709197,-9.040919714183948,⚪,"⚪ Buy: 45.5% | Sell: 54.5% | Net: -9.0% | Value: -24,899"
2025-10-14T07:38:29.235632,DOGE/USDT,25536580.831202004,35523951.90167485,-9987371.070472848,41.821745877844805,58.1782541221552,-16.35650824431039,⚪,"⚪ Buy: 41.8% | Sell: 58.2% | Net: -16.4% | Value: -9,987,371"
2025-10-14T07:38:30.418439,ADA/USDT,8932814.116000002,11984206.693999998,-3051392.577999996,42.70595797145933,57.29404202854066,-14.588084057081337,⚪,"⚪ Buy: 42.7% | Sell: 57.3% | Net: -14.6% | Value: -3,051,393"
2025-10-14T07:38:31.606534,TRX/USDT,2886095.891,4134954.329,-1248858.438,41.106327409234794,58.8936725907652,-17.78734518153041,⚪,"⚪ Buy: 41.1% | Sell: 58.9% | Net: -17.8% | Value: -1,248,858"
2025-10-14T07:38:32.716109,AVAX/USDT,233420.79273999995,300374.83246,-66954.03972000006,43.728494899624366,56.27150510037564,-12.543010200751281,⚪,"⚪ Buy: 43.7% | Sell: 56.3% | Net: -12.5% | Value: -66,954"
2025-10-14T07:38:33.915111,DOT/USDT,370736.21408,485408.14092,-114671.92683999997,43.30300280727775,56.69699719272224,-13.393994385444493,⚪,"⚪ Buy: 43.3% | Sell: 56.7% | Net: -13.4% | Value: -114,672"
2025-10-14T07:38:35.045337,LINK/USDT,321903.274516704,415404.38927505596,-93501.11475835193,43.659287747159524,56.340712252840476,-12.681424505680946,⚪,"⚪ Buy: 43.7% | Sell: 56.3% | Net: -12.7% | Value: -93,501"
2025-10-14T07:38:36.213685,SUI/USDT,2076225.7200000002,2797301.98,-721076.2599999998,42.602111813173856,57.39788818682614,-14.79577637365229,⚪,"⚪ Buy: 42.6% | Sell: 57.4% | Net: -14.8% | Value: -721,076"
2025-10-14T07:38:37.434247,SHIB/USDT,134387932801.58533,164927601696.08868,-30539668894.503357,44.89841565594707,55.101584344052924,-10.203168688105855,⚪,"⚪ Buy: 44.9% | Sell: 55.1% | Net: -10.2% | Value: -30,539,668,895"
2025-10-14T07:38:38.525649,LTC/USDT,45398.35189394401,54186.947840916,-8788.59594697199,45.587402974951566,54.41259702504843,-8.825194050096858,⚪,"⚪ Buy: 45.6% | Sell: 54.4% | Net: -8.8% | Value: -8,789"
2025-10-14T07:38:39.672024,ATOM/USDT,265226.93414,323305.30726000003,-58078.373120000004,45.06582910548425,54.93417089451575,-9.86834178903151,⚪,"⚪ Buy: 45.1% | Sell: 54.9% | Net: -9.9% | Value: -58,078"
2025-10-14T07:38:40.855169,XLM/USDT,5477774.709559336,7376238.043037004,-1898463.3334776675,42.61528920961198,57.38471079038801,-14.769421580776035,⚪,"⚪ Buy: 42.6% | Sell: 57.4% | Net: -14.8% | Value: -1,898,463"
2025-10-14T07:38:41.980982,UNI/USDT,260199.26248000003,332805.71901999996,-72606.45653999993,43.878090504708524,56.121909495291476,-12.243818990582952,⚪,"⚪ Buy: 43.9% | Sell: 56.1% | Net: -12.2% | Value: -72,606"
2025-10-14T07:38:43.178596,ICP/USDT,58553.89660000001,74164.5446,-15610.647999999986,44.11888511541681,55.88111488458319,-11.762229769166387,⚪,"⚪ Buy: 44.1% | Sell: 55.9% | Net: -11.8% | Value: -15,611"
2025-10-14T07:38:44.892294,APT/USDT,112114.80728000001,143310.33802000002,-31195.530740000017,43.89341039556609,56.10658960443391,-12.213179208867816,⚪,"⚪ Buy: 43.9% | Sell: 56.1% | Net: -12.2% | Value: -31,196"
2025-10-14T07:38:46.032327,NEAR/USDT,568866.8571799999,711756.51662,-142889.65944000008,44.421089667604505,55.5789103323955,-11.157820664790998,⚪,"⚪ Buy: 44.4% | Sell: 55.6% | Net: -11.2% | Value: -142,890"
2025-10-14T07:38:46.474977,AAPL,38104400.0,0,38104400.0,100.0,0.0,100.0,🟢,"🟢 Buy: 100.0% | Sell: 0.0% | Net: 100.0% | Value: 38,104,400"
2025-10-14T07:38:46.665648,MSFT,14271600.0,0,14271600.0,100.0,0.0,100.0,🟢,"🟢 Buy: 100.0% | Sell: 0.0% | Net: 100.0% | Value: 14,271,600"
2025-10-14T07:38:46.802017,GOOG,12453300.0,0,12453300.0,100.0,0.0,100.0,🟢,"🟢 Buy: 100.0% | Sell: 0.0% | Net: 100.0% | Value: 12,453,300"
2025-10-14T07:38:46.992558,GC=F,181478.0,0,181478.0,100.0,0.0,100.0,🟢,"🟢 Buy: 100.0% | Sell: 0.0% | Net: 100.0% | Value: 181,478"
2025-10-14T07:38:47.178719,CL=F,0,19837.0,-19837.0,0.0,100.0,-100.0,🔴,"🔴 Buy: 0.0% | Sell: 100.0% | Net: -100.0% | Value: -19,837"
2025-10-14T07:38:47.430731,TSLA,79333800.0,0,79333800.0,100.0,0.0,100.0,🟢,"🟢 Buy: 100.0% | Sell: 0.0% | Net: 100.0% | Value: 79,333,800"
2025-10-14T07:38:47.657493,NVDA,153130700.0,0,153130700.0,100.0,0.0,100.0,🟢,"🟢 Buy: 100.0% | Sell: 0.0% | Net: 100.0% | Value: 153,130,700"
2025-10-14T08:21:34.193834,BTC/USDT,1264.879118242,1834.0445568379996,-569.1654385959996,40.81672383264963,59.18327616735037,-18.36655233470074,⚪,⚪ Buy: 40.8% | Sell: 59.2% | Net: -18.4% | Value: -569
2025-10-14T08:21:35.405304,ETH/USDT,63426.574074892,81826.650523408,-18400.076448515996,43.66620723932233,56.33379276067767,-12.667585521355335,⚪,"⚪ Buy: 43.7% | Sell: 56.3% | Net: -12.7% | Value: -18,400"
2025-10-14T08:21:36.650410,BNB/USDT,4463.07874,5369.39036,-906.3116200000004,45.39123077437385,54.608769225626155,-9.217538451252294,⚪,⚪ Buy: 45.4% | Sell: 54.6% | Net: -9.2% | Value: -906
2025-10-14T08:21:38.241473,XRP/USDT,8565137.411790628,11748458.218285942,-3183320.8064953145,42.16455603314745,57.83544396685254,-15.67088793370509,⚪,"⚪ Buy: 42.2% | Sell: 57.8% | Net: -15.7% | Value: -3,183,321"
2025-10-14T08:21:39.597825,SOL/USDT,125439.897556608,153694.96534917198,-28255.067792563976,44.938814253004786,55.06118574699522,-10.122371493990444,⚪,"⚪ Buy: 44.9% | Sell: 55.1% | Net: -10.1% | Value: -28,255"
2025-10-14T08:21:40.818108,DOGE/USDT,27453385.010368224,38086133.92865234,-10632748.918284114,41.888291911192496,58.11170808880751,-16.22341617761501,⚪,"⚪ Buy: 41.9% | Sell: 58.1% | Net: -16.2% | Value: -10,632,749"
2025-10-14T08:21:42.483865,ADA/USDT,8945850.856,12337100.683999998,-3391249.827999998,42.0329428424757,57.9670571575243,-15.934114315048609,⚪,"⚪ Buy: 42.0% | Sell: 58.0% | Net: -15.9% | Value: -3,391,250"
2025-10-14T08:21:43.716591,TRX/USDT,3523093.351,5173660.929,-1650567.5779999997,40.51043915431862,59.48956084568139,-18.979121691362767,⚪,"⚪ Buy: 40.5% | Sell: 59.5% | Net: -19.0% | Value: -1,650,568"
2025-10-14T08:21:44.931071,AVAX/USDT,231569.77918,307461.73632,-75891.95714000001,42.96034137543856,57.039658624561454,-14.079317249122889,⚪,"⚪ Buy: 43.0% | Sell: 57.0% | Net: -14.1% | Value: -75,892"
2025-10-14T08:21:46.098452,DOT/USDT,355928.51369999995,483264.54189999995,-127336.0282,42.41318625373049,57.58681374626953,-15.173627492539039,⚪,"⚪ Buy: 42.4% | Sell: 57.6% | Net: -15.2% | Value: -127,336"
2025-10-14T08:21:47.287667,LINK/USDT,321550.535696704,436258.131095056,-114707.59539835202,42.43162552600677,57.56837447399323,-15.13674894798647,⚪,"⚪ Buy: 42.4% | Sell: 57.6% | Net: -15.1% | Value: -114,708"
2025-10-14T08:21:48.550758,SUI/USDT,2052451.9000000001,2928121.1,-875669.2,41.20915203933363,58.79084796066637,-17.581695921332745,⚪,"⚪ Buy: 41.2% | Sell: 58.8% | Net: -17.6% | Value: -875,669"
2025-10-14T08:21:49.836511,SHIB/USDT,129759864535.33295,166443395410.81287,-36683530875.47992,43.807709799995195,56.19229020000481,-12.38458040000962,⚪,"⚪ Buy: 43.8% | Sell: 56.2% | Net: -12.4% | Value: -36,683,530,875"
2025-10-14T08:21:51.144367,LTC/USDT,43514.512293944004,52086.51844091599,-8572.006146971988,45.51678152365031,54.483218476349705,-8.96643695269939,⚪,"⚪ Buy: 45.5% | Sell: 54.5% | Net: -9.0% | Value: -8,572"
2025-10-14T08:21:52.883665,ATOM/USDT,247387.47766,314555.83754000004,-67168.35988000003,44.02356447143656,55.97643552856343,-11.95287105712687,⚪,"⚪ Buy: 44.0% | Sell: 56.0% | Net: -12.0% | Value: -67,168"
2025-10-14T08:21:54.120351,XLM/USDT,6693434.781038536,10040152.171557803,-3346717.390519267,40.0,60.0,-19.999999999999996,🔴,"🔴 Buy: 40.0% | Sell: 60.0% | Net: -20.0% | Value: -3,346,717"
2025-10-14T08:21:55.257152,UNI/USDT,251648.66164,357908.83725999994,-106260.17561999994,41.283826725800616,58.71617327419937,-17.432346548398755,⚪,"⚪ Buy: 41.3% | Sell: 58.7% | Net: -17.4% | Value: -106,260"
2025-10-14T08:21:56.616738,ICP/USDT,51526.90765999999,72249.61443999999,-20722.70678,41.62898325610654,58.37101674389348,-16.74203348778694,⚪,"⚪ Buy: 41.6% | Sell: 58.4% | Net: -16.7% | Value: -20,723"
2025-10-14T08:21:58.249259,APT/USDT,103509.37124,141734.06636000003,-38224.69512000003,42.206785328473146,57.79321467152686,-15.586429343053718,⚪,"⚪ Buy: 42.2% | Sell: 57.8% | Net: -15.6% | Value: -38,225"
2025-10-14T08:21:59.431044,NEAR/USDT,561744.95946,726598.41464,-164853.45517999993,43.60211499146484,56.397885008535155,-12.795770017070321,⚪,"⚪ Buy: 43.6% | Sell: 56.4% | Net: -12.8% | Value: -164,853"
2025-10-14T08:22:00.274682,AAPL,38104400.0,0,38104400.0,100.0,0.0,100.0,🟢,"🟢 Buy: 100.0% | Sell: 0.0% | Net: 100.0% | Value: 38,104,400"
2025-10-14T08:22:00.571543,MSFT,14271600.0,0,14271600.0,100.0,0.0,100.0,🟢,"🟢 Buy: 100.0% | Sell: 0.0% | Net: 100.0% | Value: 14,271,600"
2025-10-14T08:22:00.850986,GOOG,12453300.0,0,12453300.0,100.0,0.0,100.0,🟢,"🟢 Buy: 100.0% | Sell: 0.0% | Net: 100.0% | Value: 12,453,300"
2025-10-14T08:22:01.124597,GC=F,194586.0,0,194586.0,100.0,0.0,100.0,🟢,"🟢 Buy: 100.0% | Sell: 0.0% | Net: 100.0% | Value: 194,586"
2025-10-14T08:22:01.391735,CL=F,0,30638.0,-30638.0,0.0,100.0,-100.0,🔴,"🔴 Buy: 0.0% | Sell: 100.0% | Net: -100.0% | Value: -30,638"
2025-10-14T08:22:01.667902,TSLA,79333800.0,0,79333800.0,100.0,0.0,100.0,🟢,"🟢 Buy: 100.0% | Sell: 0.0% | Net: 100.0% | Value: 79,333,800"
2025-10-14T08:22:01.977851,NVDA,153130700.0,0,153130700.0,100.0,0.0,100.0,🟢,"🟢 Buy: 100.0% | Sell: 0.0% | Net: 100.0% | Value: 153,130,700"
2025-10-14T08:45:15.205447,BTC/USDT,1324.27850734,1873.6441495699996,-549.3656422299996,41.41058585261682,58.58941414738319,-17.178828294766372,⚪,⚪ Buy: 41.4% | Sell: 58.6% | Net: -17.2% | Value: -549
2025-10-14T08:45:17.956691,ETH/USDT,66608.767624612,83948.112889888,-17339.345265276002,44.24159652949037,55.758403470509634,-11.516806941019256,⚪,"⚪ Buy: 44.2% | Sell: 55.8% | Net: -11.5% | Value: -17,339"
2025-10-14T08:45:19.014405,BNB/USDT,4612.14952,5468.77088,-856.6213600000001,45.75127406025347,54.248725939746535,-8.497451879493068,⚪,⚪ Buy: 45.8% | Sell: 54.2% | Net: -8.5% | Value: -857
2025-10-14T08:45:20.231648,XRP/USDT,9143329.723410629,12133919.759365942,-2990590.0359553136,42.97232934553847,57.027670654461524,-14.055341308923062,⚪,"⚪ Buy: 43.0% | Sell: 57.0% | Net: -14.1% | Value: -2,990,590"
2025-10-14T08:45:21.764220,SOL/USDT,131573.17944768,157783.81994321998,-26210.640495539963,45.47088189490599,54.529118105093985,-9.058236210187994,⚪,"⚪ Buy: 45.5% | Sell: 54.5% | Net: -9.1% | Value: -26,211"
2025-10-14T08:45:23.101909,DOGE/USDT,29629565.469208226,39536920.901212335,-9907355.432004109,42.83803764517881,57.16196235482119,-14.323924709642395,⚪,"⚪ Buy: 42.8% | Sell: 57.2% | Net: -14.3% | Value: -9,907,355"
2025-10-14T08:45:24.222638,ADA/USDT,9442212.964000002,12668008.756,-3225795.7919999976,42.70519347826785,57.294806521732156,-14.589613043464306,⚪,"⚪ Buy: 42.7% | Sell: 57.3% | Net: -14.6% | Value: -3,225,796"
2025-10-14T08:45:25.331905,TRX/USDT,3848301.331,5229186.339,-1380885.008,42.39390314699265,57.60609685300735,-15.212193706014695,⚪,"⚪ Buy: 42.4% | Sell: 57.6% | Net: -15.2% | Value: -1,380,885"
2025-10-14T08:45:26.918548,AVAX/USDT,240878.22280000002,313667.3654,-72789.14259999999,43.437046101451614,56.56295389854839,-13.125907797096778,⚪,"⚪ Buy: 43.4% | Sell: 56.6% | Net: -13.1% | Value: -72,789"
2025-10-14T08:45:27.981453,DOT/USDT,374983.96572,495968.17657999997,-120984.21085999999,43.0544857183251,56.9455142816749,-13.8910285633498,⚪,"⚪ Buy: 43.1% | Sell: 56.9% | Net: -13.9% | Value: -120,984"
2025-10-14T08:45:29.085954,LINK/USDT,355393.536356704,447315.649235056,-91922.112878352,44.27425806703665,55.725741932963345,-11.451483865926697,⚪,"⚪ Buy: 44.3% | Sell: 55.7% | Net: -11.5% | Value: -91,922"
2025-10-14T08:45:30.056457,SUI/USDT,2191740.92,2942533.98,-750793.06,42.68842168930222,57.311578310697776,-14.623156621395555,⚪,"⚪ Buy: 42.7% | Sell: 57.3% | Net: -14.6% | Value: -750,793"
2025-10-14T08:45:31.242804,SHIB/USDT,135835700349.62369,170493952620.34003,-34658252270.71634,44.342981174905276,55.65701882509472,-11.314037650189436,⚪,"⚪ Buy: 44.3% | Sell: 55.7% | Net: -11.3% | Value: -34,658,252,271"
2025-10-14T08:45:32.301823,LTC/USDT,45587.870093944,52198.098640915996,-6610.228546971994,46.62005263511006,53.37994736488994,-6.759894729779871,⚪,"⚪ Buy: 46.6% | Sell: 53.4% | Net: -6.8% | Value: -6,610"
2025-10-14T08:45:33.352895,ATOM/USDT,249532.47308,315183.49762000004,-65651.02454000004,44.18725271231292,55.81274728768708,-11.62549457537416,⚪,"⚪ Buy: 44.2% | Sell: 55.8% | Net: -11.6% | Value: -65,651"
2025-10-14T08:45:34.500635,XLM/USDT,7610161.6430385355,10059085.099557802,-2448923.4565192666,43.070096614205134,56.92990338579488,-13.859806771589742,⚪,"⚪ Buy: 43.1% | Sell: 56.9% | Net: -13.9% | Value: -2,448,923"
2025-10-14T08:45:36.004650,UNI/USDT,271402.82602000004,362399.66667999997,-90996.84065999993,42.82135667592966,57.178643324070336,-14.357286648140683,⚪,"⚪ Buy: 42.8% | Sell: 57.2% | Net: -14.4% | Value: -90,997"
2025-10-14T08:45:37.018758,ICP/USDT,54976.45187999999,73084.45092,-18107.99904000001,42.929926837904496,57.070073162095504,-14.140146324190999,⚪,"⚪ Buy: 42.9% | Sell: 57.1% | Net: -14.1% | Value: -18,108"
2025-10-14T08:45:38.361582,APT/USDT,109073.62105999999,142892.35094,-33818.72988000001,43.289028353400035,56.71097164659996,-13.421943293199929,⚪,"⚪ Buy: 43.3% | Sell: 56.7% | Net: -13.4% | Value: -33,819"
2025-10-14T08:45:39.502398,NEAR/USDT,584818.85502,741981.01168,-157162.15665999998,44.077397782270964,55.92260221772902,-11.845204435458054,⚪,"⚪ Buy: 44.1% | Sell: 55.9% | Net: -11.8% | Value: -157,162"
2025-10-14T08:45:39.993326,AAPL,38104400.0,0,38104400.0,100.0,0.0,100.0,🟢,"🟢 Buy: 100.0% | Sell: 0.0% | Net: 100.0% | Value: 38,104,400"
2025-10-14T08:45:40.161684,MSFT,14271600.0,0,14271600.0,100.0,0.0,100.0,🟢,"🟢 Buy: 100.0% | Sell: 0.0% | Net: 100.0% | Value: 14,271,600"
2025-10-14T08:45:40.281715,GOOG,12453300.0,0,12453300.0,100.0,0.0,100.0,🟢,"🟢 Buy: 100.0% | Sell: 0.0% | Net: 100.0% | Value: 12,453,300"
2025-10-14T08:45:40.393584,GC=F,201193.0,0,201193.0,100.0,0.0,100.0,🟢,"🟢 Buy: 100.0% | Sell: 0.0% | Net: 100.0% | Value: 201,193"
2025-10-14T08:45:40.501681,CL=F,0,34771.0,-34771.0,0.0,100.0,-100.0,🔴,"🔴 Buy: 0.0% | Sell: 100.0% | Net: -100.0% | Value: -34,771"
2025-10-14T08:45:40.609504,TSLA,79333800.0,0,79333800.0,100.0,0.0,100.0,🟢,"🟢 Buy: 100.0% | Sell: 0.0% | Net: 100.0% | Value: 79,333,800"
2025-10-14T08:45:40.742994,NVDA,153130700.0,0,153130700.0,100.0,0.0,100.0,🟢,"🟢 Buy: 100.0% | Sell: 0.0% | Net: 100.0% | Value: 153,130,700"
2025-10-14T09:19:26.431874,BTC/USDT,1344.208880388,1885.5753170219996,-541.3664366339997,41.61915466259127,58.38084533740873,-16.761690674817455,⚪,⚪ Buy: 41.6% | Sell: 58.4% | Net: -16.8% | Value: -541
2025-10-14T09:19:28.073593,ETH/USDT,67134.32561019999,83347.51940851999,-16213.193798320004,44.61290702665725,55.38709297334277,-10.774185946685517,⚪,"⚪ Buy: 44.6% | Sell: 55.4% | Net: -10.8% | Value: -16,213"
2025-10-14T09:19:29.901812,BNB/USDT,4421.0311,5341.3586000000005,-920.3275000000003,45.28636159648493,54.713638403515084,-9.42727680703015,⚪,⚪ Buy: 45.3% | Sell: 54.7% | Net: -9.4% | Value: -920
2025-10-14T09:19:31.131432,XRP/USDT,9320781.35561063,11765915.841565942,-2445134.485955313,44.202187134638834,55.79781286536117,-11.59562573072234,⚪,"⚪ Buy: 44.2% | Sell: 55.8% | Net: -11.6% | Value: -2,445,134"
2025-10-14T09:19:33.090054,SOL/USDT,126582.07644768,148197.93494322,-21615.85849554,46.066697430769544,53.93330256923045,-7.866605138460906,⚪,"⚪ Buy: 46.1% | Sell: 53.9% | Net: -7.9% | Value: -21,616"
2025-10-14T09:19:35.011938,DOGE/USDT,29702124.022208225,38123868.585712336,-8421744.563504111,43.79165402548002,56.20834597451998,-12.416691949039961,⚪,"⚪ Buy: 43.8% | Sell: 56.2% | Net: -12.4% | Value: -8,421,745"
2025-10-14T09:19:36.250677,ADA/USDT,9470904.842000002,12342449.297999999,-2871544.4559999965,43.4179208810113,56.5820791189887,-13.16415823797741,⚪,"⚪ Buy: 43.4% | Sell: 56.6% | Net: -13.2% | Value: -2,871,544"
2025-10-14T09:19:37.507541,TRX/USDT,4085913.172,5352220.477999999,-1266307.3059999994,43.29153753825049,56.70846246174952,-13.41692492349904,⚪,"⚪ Buy: 43.3% | Sell: 56.7% | Net: -13.4% | Value: -1,266,307"
2025-10-14T09:19:38.884610,AVAX/USDT,243493.08844000002,304252.78206,-60759.69361999998,44.45366027455976,55.546339725440255,-11.092679450880494,⚪,"⚪ Buy: 44.5% | Sell: 55.5% | Net: -11.1% | Value: -60,760"
2025-10-14T09:19:40.087660,DOT/USDT,368723.72602,473167.92257999995,-104444.19655999995,43.79705234434369,56.20294765565631,-12.405895311312625,⚪,"⚪ Buy: 43.8% | Sell: 56.2% | Net: -12.4% | Value: -104,444"
2025-10-14T09:19:41.363700,LINK/USDT,354436.77083670406,435535.164855056,-81098.39401835192,44.867007905329196,55.132992094670804,-10.265984189341605,⚪,"⚪ Buy: 44.9% | Sell: 55.1% | Net: -10.3% | Value: -81,098"
2025-10-14T09:19:42.614926,SUI/USDT,2070311.8,2696585.3,-626273.4999999998,43.431015114632956,56.568984885367044,-13.137969770734086,⚪,"⚪ Buy: 43.4% | Sell: 56.6% | Net: -13.1% | Value: -626,273"
2025-10-14T09:19:43.970526,SHIB/USDT,128462505633.26753,165578489476.1026,-37115983842.83507,43.68863790080877,56.31136209919123,-12.622724198382468,⚪,"⚪ Buy: 43.7% | Sell: 56.3% | Net: -12.6% | Value: -37,115,983,843"
2025-10-14T09:19:45.298821,LTC/USDT,42128.3274,45720.21259999999,-3591.8851999999897,47.95563750974121,52.0443624902588,-4.088724980517593,⚪,"⚪ Buy: 48.0% | Sell: 52.0% | Net: -4.1% | Value: -3,592"
2025-10-14T09:19:46.736977,ATOM/USDT,195546.498,233727.5014,-38181.003400000016,45.552839974775324,54.44716002522468,-8.894320050449348,⚪,"⚪ Buy: 45.6% | Sell: 54.4% | Net: -8.9% | Value: -38,181"
2025-10-14T09:19:47.935353,XLM/USDT,7584345.205038536,9727472.107557803,-2143126.902519267,43.810219736549854,56.18978026345014,-12.37956052690029,⚪,"⚪ Buy: 43.8% | Sell: 56.2% | Net: -12.4% | Value: -2,143,127"
2025-10-14T09:19:49.194425,UNI/USDT,265865.97112,342183.11668,-76317.14555999998,43.72442561865151,56.27557438134849,-12.55114876269698,⚪,"⚪ Buy: 43.7% | Sell: 56.3% | Net: -12.6% | Value: -76,317"
2025-10-14T09:19:50.370880,ICP/USDT,51080.22614,66886.00025999999,-15805.774119999987,43.300720637445096,56.6992793625549,-13.398558725109808,⚪,"⚪ Buy: 43.3% | Sell: 56.7% | Net: -13.4% | Value: -15,806"
2025-10-14T09:19:51.582041,APT/USDT,107259.7658,138932.9064,-31673.140600000013,43.56740793359811,56.43259206640189,-12.865184132803776,⚪,"⚪ Buy: 43.6% | Sell: 56.4% | Net: -12.9% | Value: -31,673"
2025-10-14T09:19:52.801583,NEAR/USDT,579067.96714,707396.80756,-128328.84042000002,45.01234534579751,54.98765465420248,-9.975309308404963,⚪,"⚪ Buy: 45.0% | Sell: 55.0% | Net: -10.0% | Value: -128,329"
2025-10-14T09:19:53.834257,AAPL,38104400.0,0,38104400.0,100.0,0.0,100.0,🟢,"🟢 Buy: 100.0% | Sell: 0.0% | Net: 100.0% | Value: 38,104,400"
2025-10-14T09:19:54.172254,MSFT,14271600.0,0,14271600.0,100.0,0.0,100.0,🟢,"🟢 Buy: 100.0% | Sell: 0.0% | Net: 100.0% | Value: 14,271,600"
2025-10-14T09:19:54.509870,GOOG,12453300.0,0,12453300.0,100.0,0.0,100.0,🟢,"🟢 Buy: 100.0% | Sell: 0.0% | Net: 100.0% | Value: 12,453,300"
2025-10-14T09:19:54.820886,GC=F,210187.0,0,210187.0,100.0,0.0,100.0,🟢,"🟢 Buy: 100.0% | Sell: 0.0% | Net: 100.0% | Value: 210,187"
2025-10-14T09:19:55.126869,CL=F,0,41724.0,-41724.0,0.0,100.0,-100.0,🔴,"🔴 Buy: 0.0% | Sell: 100.0% | Net: -100.0% | Value: -41,724"
2025-10-14T09:19:55.366309,TSLA,79333800.0,0,79333800.0,100.0,0.0,100.0,🟢,"🟢 Buy: 100.0% | Sell: 0.0% | Net: 100.0% | Value: 79,333,800"
2025-10-14T09:19:55.690176,NVDA,153130700.0,0,153130700.0,100.0,0.0,100.0,🟢,"🟢 Buy: 100.0% | Sell: 0.0% | Net: 100.0% | Value: 153,130,700"
2025-10-14T09:41:31.439398,BTC/USDT,1381.776685504,1941.9270246959995,-560.1503391919996,41.573401421538065,58.42659857846194,-16.853197156923873,⚪,⚪ Buy: 41.6% | Sell: 58.4% | Net: -16.9% | Value: -560
2025-10-14T09:41:33.067286,ETH/USDT,68867.83071904,85947.77707177999,-17079.946352739993,44.483777638292885,55.516222361707115,-11.032444723414232,⚪,"⚪ Buy: 44.5% | Sell: 55.5% | Net: -11.0% | Value: -17,080"
2025-10-14T09:41:34.316591,BNB/USDT,4590.9229000000005,5454.6198,-863.6968999999999,45.70109387917887,54.29890612082112,-8.597812241642254,⚪,⚪ Buy: 45.7% | Sell: 54.3% | Net: -8.6% | Value: -864
2025-10-14T09:41:35.617020,XRP/USDT,9576790.50533063,11936588.608045943,-2359798.1027153134,44.51551034758636,55.48448965241365,-10.968979304827291,⚪,"⚪ Buy: 44.5% | Sell: 55.5% | Net: -11.0% | Value: -2,359,798"
2025-10-14T09:41:37.443547,SOL/USDT,129935.152062752,153227.548365828,-23292.396303076006,45.88710019578463,54.11289980421537,-8.225799608430727,⚪,"⚪ Buy: 45.9% | Sell: 54.1% | Net: -8.2% | Value: -23,292"
2025-10-14T09:41:39.281381,DOGE/USDT,31280323.468988225,39176001.550232336,-7895678.081244111,44.3967570838458,55.60324291615421,-11.2064858323084,⚪,"⚪ Buy: 44.4% | Sell: 55.6% | Net: -11.2% | Value: -7,895,678"
2025-10-14T09:41:40.599576,ADA/USDT,9806821.790000003,12566393.93,-2759572.139999997,43.832866552274055,56.16713344772594,-12.334266895451883,⚪,"⚪ Buy: 43.8% | Sell: 56.2% | Net: -12.3% | Value: -2,759,572"
2025-10-14T09:41:41.878542,TRX/USDT,4316641.199,5783087.901,-1466446.7019999996,42.74016813975734,57.25983186024266,-14.519663720485331,⚪,"⚪ Buy: 42.7% | Sell: 57.3% | Net: -14.5% | Value: -1,466,447"
2025-10-14T09:41:43.106205,AVAX/USDT,250670.29966000002,309037.58954,-58367.28988,44.78591502762044,55.21408497237955,-10.428169944759103,⚪,"⚪ Buy: 44.8% | Sell: 55.2% | Net: -10.4% | Value: -58,367"
2025-10-14T09:41:44.439779,DOT/USDT,387778.34739999997,485871.00349999993,-98092.65609999996,44.38603966231139,55.6139603376886,-11.227920675377218,⚪,"⚪ Buy: 44.4% | Sell: 55.6% | Net: -11.2% | Value: -98,093"
2025-10-14T09:41:45.960198,LINK/USDT,371303.60275670403,460835.41273505596,-89531.80997835193,44.620381431974906,55.3796185680251,-10.759237136050196,⚪,"⚪ Buy: 44.6% | Sell: 55.4% | Net: -10.8% | Value: -89,532"
2025-10-14T09:41:47.234285,SUI/USDT,2130953.8,2737013.3,-606059.5,43.77502469151856,56.22497530848144,-12.44995061696288,⚪,"⚪ Buy: 43.8% | Sell: 56.2% | Net: -12.4% | Value: -606,060"
2025-10-14T09:41:49.059871,SHIB/USDT,137043563820.02213,171299194933.939,-34255631113.91687,44.4452025965606,55.554797403439395,-11.109594806878793,⚪,"⚪ Buy: 44.4% | Sell: 55.6% | Net: -11.1% | Value: -34,255,631,114"
2025-10-14T09:41:50.343783,LTC/USDT,43540.591199999995,46661.72179999999,-3121.130599999997,48.269927623696304,51.730072376303696,-3.4601447526073934,⚪,"⚪ Buy: 48.3% | Sell: 51.7% | Net: -3.5% | Value: -3,121"
2025-10-14T09:41:52.087584,ATOM/USDT,197519.38319999998,235042.7582,-37523.37500000003,45.662660759150754,54.337339240849246,-8.674678481698498,⚪,"⚪ Buy: 45.7% | Sell: 54.3% | Net: -8.7% | Value: -37,523"
2025-10-14T09:41:53.366593,XLM/USDT,7921091.491038536,9951969.631557804,-2030878.1405192679,44.31860573130449,55.68139426869551,-11.362788537391022,⚪,"⚪ Buy: 44.3% | Sell: 55.7% | Net: -11.4% | Value: -2,030,878"
2025-10-14T09:41:55.014699,UNI/USDT,276905.41510000004,349542.746,-72637.33089999994,44.2024467936458,55.7975532063542,-11.595106412708398,⚪,"⚪ Buy: 44.2% | Sell: 55.8% | Net: -11.6% | Value: -72,637"
2025-10-14T09:41:56.236057,ICP/USDT,55942.52832,67610.60377999999,-11668.075459999993,45.2781142567247,54.7218857432753,-9.443771486550597,⚪,"⚪ Buy: 45.3% | Sell: 54.7% | Net: -9.4% | Value: -11,668"
2025-10-14T09:41:58.759759,APT/USDT,110114.09124,139518.73796,-29404.646720000004,44.110420729870896,55.88957927012911,-11.779158540258216,⚪,"⚪ Buy: 44.1% | Sell: 55.9% | Net: -11.8% | Value: -29,405"
2025-10-14T09:42:00.264122,NEAR/USDT,621836.6941,735909.2921999999,-114072.59809999994,45.79919221816815,54.20080778183184,-8.401615563663697,⚪,"⚪ Buy: 45.8% | Sell: 54.2% | Net: -8.4% | Value: -114,073"
2025-10-14T09:42:01.149507,AAPL,38104400.0,0,38104400.0,100.0,0.0,100.0,🟢,"🟢 Buy: 100.0% | Sell: 0.0% | Net: 100.0% | Value: 38,104,400"
2025-10-14T09:42:01.488426,MSFT,14271600.0,0,14271600.0,100.0,0.0,100.0,🟢,"🟢 Buy: 100.0% | Sell: 0.0% | Net: 100.0% | Value: 14,271,600"
2025-10-14T09:42:01.778152,GOOG,12453300.0,0,12453300.0,100.0,0.0,100.0,🟢,"🟢 Buy: 100.0% | Sell: 0.0% | Net: 100.0% | Value: 12,453,300"
2025-10-14T09:42:02.042966,GC=F,213241.0,0,213241.0,100.0,0.0,100.0,🟢,"🟢 Buy: 100.0% | Sell: 0.0% | Net: 100.0% | Value: 213,241"
2025-10-14T09:42:02.318982,CL=F,0,46640.0,-46640.0,0.0,100.0,-100.0,🔴,"🔴 Buy: 0.0% | Sell: 100.0% | Net: -100.0% | Value: -46,640"
2025-10-14T09:42:02.554691,TSLA,79333800.0,0,79333800.0,100.0,0.0,100.0,🟢,"🟢 Buy: 100.0% | Sell: 0.0% | Net: 100.0% | Value: 79,333,800"
2025-10-14T09:42:02.834251,NVDA,153130700.0,0,153130700.0,100.0,0.0,100.0,🟢,"🟢 Buy: 100.0% | Sell: 0.0% | Net: 100.0% | Value: 153,130,700"
2025-10-14T10:19:05.114555,BTC/USDT,1439.8095088359998,2028.9762596939995,-589.1667508579997,41.50759386464393,58.49240613535607,-16.984812270712133,⚪,⚪ Buy: 41.5% | Sell: 58.5% | Net: -17.0% | Value: -589
2025-10-14T10:19:06.193817,ETH/USDT,68409.64830289,89276.69804038,-20867.04973749,43.3833682429092,56.61663175709081,-13.233263514181616,⚪,"⚪ Buy: 43.4% | Sell: 56.6% | Net: -13.2% | Value: -20,867"
2025-10-14T10:19:07.302917,BNB/USDT,4499.570043814,5502.215795876001,-1002.6457520620006,44.987666362125,55.012333637875,-10.024667275749998,⚪,"⚪ Buy: 45.0% | Sell: 55.0% | Net: -10.0% | Value: -1,003"
2025-10-14T10:19:08.424404,XRP/USDT,9225122.269030629,12078272.984045941,-2853150.7150153127,43.303530537923834,56.69646946207617,-13.392938924152336,⚪,"⚪ Buy: 43.3% | Sell: 56.7% | Net: -13.4% | Value: -2,853,151"
2025-10-14T10:19:09.592890,SOL/USDT,128516.042896298,158500.46858819202,-29984.425691894023,44.776532970732184,55.223467029267816,-10.446934058535632,⚪,"⚪ Buy: 44.8% | Sell: 55.2% | Net: -10.4% | Value: -29,984"
2025-10-14T10:19:10.756726,DOGE/USDT,30684049.25555841,40755001.33398761,-10070952.0784292,42.95136763764402,57.048632362355974,-14.097264724711955,⚪,"⚪ Buy: 43.0% | Sell: 57.0% | Net: -14.1% | Value: -10,070,952"
2025-10-14T10:19:11.869586,ADA/USDT,9492735.776,13138245.384,-3645509.607999999,41.94575440139689,58.05424559860312,-16.108491197206224,⚪,"⚪ Buy: 41.9% | Sell: 58.1% | Net: -16.1% | Value: -3,645,510"
2025-10-14T10:19:13.081000,TRX/USDT,4443462.939,5973320.510999999,-1529857.5719999988,42.65676598086524,57.34323401913476,-14.686468038269517,⚪,"⚪ Buy: 42.7% | Sell: 57.3% | Net: -14.7% | Value: -1,529,858"
2025-10-14T10:19:14.196983,AVAX/USDT,251753.66948,313319.22961999994,-61565.56013999993,44.55242321494658,55.44757678505343,-10.895153570106851,⚪,"⚪ Buy: 44.6% | Sell: 55.4% | Net: -10.9% | Value: -61,566"
2025-10-14T10:19:15.327374,DOT/USDT,386048.99835999997,493369.31973999995,-107320.32137999998,43.89822117806986,56.10177882193014,-12.203557643860272,⚪,"⚪ Buy: 43.9% | Sell: 56.1% | Net: -12.2% | Value: -107,320"
2025-10-14T10:19:16.490614,LINK/USDT,369365.90027670405,481092.27971505595,-111726.3794383519,43.4314007398086,56.56859926019139,-13.137198520382789,⚪,"⚪ Buy: 43.4% | Sell: 56.6% | Net: -13.1% | Value: -111,726"
2025-10-14T10:19:17.599814,SUI/USDT,2054094.7599999998,2731014.5399999996,-676919.7799999998,42.926809634212546,57.073190365787475,-14.14638073157493,⚪,"⚪ Buy: 42.9% | Sell: 57.1% | Net: -14.1% | Value: -676,920"
2025-10-14T10:19:18.687452,SHIB/USDT,138261006086.63235,167848417822.02228,-29587411735.389923,45.16718378715791,54.832816212842076,-9.665632425684166,⚪,"⚪ Buy: 45.2% | Sell: 54.8% | Net: -9.7% | Value: -29,587,411,735"
2025-10-14T10:19:19.778635,LTC/USDT,43084.1698,47951.7622,-4867.592399999994,47.326554310445246,52.673445689554754,-5.346891379109508,⚪,"⚪ Buy: 47.3% | Sell: 52.7% | Net: -5.3% | Value: -4,868"
2025-10-14T10:19:20.800658,ATOM/USDT,147189.46068,159275.85932,-12086.39864,48.02809684306205,51.97190315693796,-3.943806313875906,⚪,"⚪ Buy: 48.0% | Sell: 52.0% | Net: -3.9% | Value: -12,086"
2025-10-14T10:19:21.879545,XLM/USDT,8129401.267038535,9983594.105557803,-1854192.8385192677,44.88159522934421,55.11840477065579,-10.236809541311583,⚪,"⚪ Buy: 44.9% | Sell: 55.1% | Net: -10.2% | Value: -1,854,193"
2025-10-14T10:19:23.010793,UNI/USDT,268176.1219,349231.4896,-81055.36769999994,43.43583022056735,56.56416977943266,-13.12833955886531,⚪,"⚪ Buy: 43.4% | Sell: 56.6% | Net: -13.1% | Value: -81,055"
2025-10-14T10:19:24.111263,ICP/USDT,53863.03194,67044.46436,-13181.432419999997,44.54895981499205,55.45104018500795,-10.902080370015897,⚪,"⚪ Buy: 44.5% | Sell: 55.5% | Net: -10.9% | Value: -13,181"
2025-10-14T10:19:25.231564,APT/USDT,108069.20522,135060.12107999998,-26990.91585999998,44.44926774759052,55.55073225240948,-11.101464504818965,⚪,"⚪ Buy: 44.4% | Sell: 55.6% | Net: -11.1% | Value: -26,991"
2025-10-14T10:19:26.298336,NEAR/USDT,631187.76222,760290.97538,-129103.21315999993,45.36093474979449,54.63906525020551,-9.278130500411025,⚪,"⚪ Buy: 45.4% | Sell: 54.6% | Net: -9.3% | Value: -129,103"
2025-10-14T10:19:26.720178,AAPL,38104400.0,0,38104400.0,100.0,0.0,100.0,🟢,"🟢 Buy: 100.0% | Sell: 0.0% | Net: 100.0% | Value: 38,104,400"
2025-10-14T10:19:26.923033,MSFT,14271600.0,0,14271600.0,100.0,0.0,100.0,🟢,"🟢 Buy: 100.0% | Sell: 0.0% | Net: 100.0% | Value: 14,271,600"
2025-10-14T10:19:27.037847,GOOG,12453300.0,0,12453300.0,100.0,0.0,100.0,🟢,"🟢 Buy: 100.0% | Sell: 0.0% | Net: 100.0% | Value: 12,453,300"
2025-10-14T10:19:27.153502,GC=F,222534.0,0,222534.0,100.0,0.0,100.0,🟢,"🟢 Buy: 100.0% | Sell: 0.0% | Net: 100.0% | Value: 222,534"
2025-10-14T10:19:27.258331,CL=F,0,52527.0,-52527.0,0.0,100.0,-100.0,🔴,"🔴 Buy: 0.0% | Sell: 100.0% | Net: -100.0% | Value: -52,527"
2025-10-14T10:19:27.363303,TSLA,79333800.0,0,79333800.0,100.0,0.0,100.0,🟢,"🟢 Buy: 100.0% | Sell: 0.0% | Net: 100.0% | Value: 79,333,800"
2025-10-14T10:19:27.501039,NVDA,153130700.0,0,153130700.0,100.0,0.0,100.0,🟢,"🟢 Buy: 100.0% | Sell: 0.0% | Net: 100.0% | Value: 153,130,700"
2025-10-14T10:43:41.455217,BTC/USDT,1542.256514732,2182.6467685379994,-640.3902538059995,41.40393447687295,58.59606552312704,-17.19213104625409,⚪,⚪ Buy: 41.4% | Sell: 58.6% | Net: -17.2% | Value: -640
2025-10-14T10:43:42.732041,ETH/USDT,73461.265989402,96854.12457014801,-23392.858580746004,43.13248834885336,56.86751165114664,-13.735023302293278,⚪,"⚪ Buy: 43.1% | Sell: 56.9% | Net: -13.7% | Value: -23,393"
2025-10-14T10:43:44.855612,BNB/USDT,4982.8534438140005,6227.140895876,-1244.2874520619998,44.45009776830802,55.54990223169197,-11.099804463383958,⚪,"⚪ Buy: 44.5% | Sell: 55.5% | Net: -11.1% | Value: -1,244"
2025-10-14T10:43:46.031429,XRP/USDT,9567002.567233725,12591093.431350585,-3024090.8641168606,43.17610397502098,56.82389602497903,-13.647792049958044,⚪,"⚪ Buy: 43.2% | Sell: 56.8% | Net: -13.6% | Value: -3,024,091"
2025-10-14T10:43:47.214948,SOL/USDT,135210.38649629802,168541.983988192,-33331.597491893976,44.513360103374744,55.486639896625256,-10.973279793250512,⚪,"⚪ Buy: 44.5% | Sell: 55.5% | Net: -11.0% | Value: -33,332"
2025-10-14T10:43:48.390060,DOGE/USDT,32718606.64735841,43806837.42168761,-11088230.7743292,42.755199980071524,57.244800019928476,-14.48960003985695,⚪,"⚪ Buy: 42.8% | Sell: 57.2% | Net: -14.5% | Value: -11,088,231"
2025-10-14T10:43:49.639353,ADA/USDT,10406705.472000001,14509199.928,-4102494.4559999984,41.76731812442988,58.23268187557014,-16.46536375114026,⚪,"⚪ Buy: 41.8% | Sell: 58.2% | Net: -16.5% | Value: -4,102,494"
2025-10-14T10:43:51.007385,TRX/USDT,5056533.875000001,6892926.914999999,-1836393.0399999982,42.31600039419018,57.683999605809824,-15.367999211619644,⚪,"⚪ Buy: 42.3% | Sell: 57.7% | Net: -15.4% | Value: -1,836,393"
2025-10-14T10:43:52.177543,AVAX/USDT,259139.17548000003,324397.48861999996,-65258.313139999926,44.4083793568782,55.59162064312181,-11.183241286243618,⚪,"⚪ Buy: 44.4% | Sell: 55.6% | Net: -11.2% | Value: -65,258"
2025-10-14T10:43:53.385445,DOT/USDT,400692.94404,515335.23825999995,-114642.29421999998,43.74242537319367,56.25757462680632,-12.51514925361265,⚪,"⚪ Buy: 43.7% | Sell: 56.3% | Net: -12.5% | Value: -114,642"
2025-10-14T10:43:54.592202,LINK/USDT,390933.02595670405,513442.968235056,-122509.94227835193,43.226824735223154,56.773175264776846,-13.546350529553692,⚪,"⚪ Buy: 43.2% | Sell: 56.8% | Net: -13.5% | Value: -122,510"
2025-10-14T10:43:55.781666,SUI/USDT,2164154.28,2896103.8199999994,-731949.5399999996,42.76766594178269,57.23233405821729,-14.464668116434606,⚪,"⚪ Buy: 42.8% | Sell: 57.2% | Net: -14.5% | Value: -731,950"
2025-10-14T10:43:56.994265,SHIB/USDT,148217247155.0178,182782779424.60043,-34565532269.58264,44.77862092236595,55.22137907763405,-10.442758155268095,⚪,"⚪ Buy: 44.8% | Sell: 55.2% | Net: -10.4% | Value: -34,565,532,270"
2025-10-14T10:43:58.178173,LTC/USDT,45032.5826,50874.3814,-5841.798799999997,46.95444493478075,53.04555506521924,-6.091110130438491,⚪,"⚪ Buy: 47.0% | Sell: 53.0% | Net: -6.1% | Value: -5,842"
2025-10-14T10:43:59.313966,ATOM/USDT,148365.68112,161040.18997999997,-12674.508859999973,47.9517989081882,52.048201091811784,-4.096402183623585,⚪,"⚪ Buy: 48.0% | Sell: 52.0% | Net: -4.1% | Value: -12,675"
2025-10-14T10:44:00.583986,XLM/USDT,8830053.491038535,11034572.441557804,-2204518.9505192693,44.45114406382598,55.548855936174014,-11.097711872348027,⚪,"⚪ Buy: 44.5% | Sell: 55.5% | Net: -11.1% | Value: -2,204,519"
2025-10-14T10:44:01.787492,UNI/USDT,279358.21198,366004.62471999996,-86646.41273999994,43.28700013289749,56.71299986710251,-13.425999734205016,⚪,"⚪ Buy: 43.3% | Sell: 56.7% | Net: -13.4% | Value: -86,646"
2025-10-14T10:44:02.940002,ICP/USDT,60954.21814,77681.24366,-16727.025519999996,43.96726302822472,56.032736971775286,-12.065473943550565,⚪,"⚪ Buy: 44.0% | Sell: 56.0% | Net: -12.1% | Value: -16,727"
2025-10-14T10:44:04.108189,APT/USDT,110823.43906,139191.47183999998,-28368.03277999998,44.326731818138136,55.67326818186187,-11.346536363723729,⚪,"⚪ Buy: 44.3% | Sell: 55.7% | Net: -11.3% | Value: -28,368"
2025-10-14T10:44:05.237755,NEAR/USDT,657383.55626,799584.66644,-142201.11017999996,45.119965282548236,54.88003471745178,-9.760069434903535,⚪,"⚪ Buy: 45.1% | Sell: 54.9% | Net: -9.8% | Value: -142,201"
2025-10-14T10:44:05.748870,AAPL,38104400.0,0,38104400.0,100.0,0.0,100.0,🟢,"🟢 Buy: 100.0% | Sell: 0.0% | Net: 100.0% | Value: 38,104,400"
2025-10-14T10:44:05.995169,MSFT,14271600.0,0,14271600.0,100.0,0.0,100.0,🟢,"🟢 Buy: 100.0% | Sell: 0.0% | Net: 100.0% | Value: 14,271,600"
2025-10-14T10:44:06.239338,GOOG,12453300.0,0,12453300.0,100.0,0.0,100.0,🟢,"🟢 Buy: 100.0% | Sell: 0.0% | Net: 100.0% | Value: 12,453,300"
2025-10-14T10:44:06.519118,GC=F,226557.0,0,226557.0,100.0,0.0,100.0,🟢,"🟢 Buy: 100.0% | Sell: 0.0% | Net: 100.0% | Value: 226,557"
2025-10-14T10:44:06.604565,CL=F,0,55707.0,-55707.0,0.0,100.0,-100.0,🔴,"🔴 Buy: 0.0% | Sell: 100.0% | Net: -100.0% | Value: -55,707"
2025-10-14T10:44:06.800306,TSLA,79333800.0,0,79333800.0,100.0,0.0,100.0,🟢,"🟢 Buy: 100.0% | Sell: 0.0% | Net: 100.0% | Value: 79,333,800"
2025-10-14T10:44:06.917364,NVDA,153130700.0,0,153130700.0,100.0,0.0,100.0,🟢,"🟢 Buy: 100.0% | Sell: 0.0% | Net: 100.0% | Value: 153,130,700"
2025-10-14T11:14:45.594942,BTC/USDT,1606.7228838659998,2215.1142995239993,-608.3914156579995,42.04058955857518,57.95941044142482,-15.918820882849635,⚪,⚪ Buy: 42.0% | Sell: 58.0% | Net: -15.9% | Value: -608
2025-10-14T11:14:46.664257,ETH/USDT,75117.614986862,96923.10051058799,-21805.48552372599,43.662696222613306,56.33730377738671,-12.67460755477339,⚪,"⚪ Buy: 43.7% | Sell: 56.3% | Net: -12.7% | Value: -21,805"
2025-10-14T11:14:47.807572,BNB/USDT,4941.450123814,6287.969815876,-1346.519692062,44.00450023556973,55.99549976443027,-11.990999528860545,⚪,"⚪ Buy: 44.0% | Sell: 56.0% | Net: -12.0% | Value: -1,347"
2025-10-14T11:14:49.494759,XRP/USDT,9597761.12561673,12421420.29737259,-2823659.1717558615,43.588183144701745,56.41181685529825,-12.823633710596505,⚪,"⚪ Buy: 43.6% | Sell: 56.4% | Net: -12.8% | Value: -2,823,659"
2025-10-14T11:14:50.722836,SOL/USDT,133257.686004382,170294.159266308,-37036.473261926,43.899481449552866,56.10051855044712,-12.20103710089425,⚪,"⚪ Buy: 43.9% | Sell: 56.1% | Net: -12.2% | Value: -37,036"
2025-10-14T11:14:51.771313,DOGE/USDT,34429198.500640966,45116628.54311144,-10687430.042470478,43.28221828871545,56.71778171128455,-13.4355634225691,⚪,"⚪ Buy: 43.3% | Sell: 56.7% | Net: -13.4% | Value: -10,687,430"
2025-10-14T11:14:52.836976,ADA/USDT,10466082.488000002,14295807.771999998,-3829725.2839999963,42.266896339924266,57.73310366007575,-15.466207320151481,⚪,"⚪ Buy: 42.3% | Sell: 57.7% | Net: -15.5% | Value: -3,829,725"
2025-10-14T11:14:54.010893,TRX/USDT,5972404.615,7995135.694999999,-2022731.0799999991,42.75917221247669,57.240827787523315,-14.481655575046624,⚪,"⚪ Buy: 42.8% | Sell: 57.2% | Net: -14.5% | Value: -2,022,731"
2025-10-14T11:14:55.102118,AVAX/USDT,269540.38552,329889.27628,-60348.89075999998,44.966140766309344,55.03385923369066,-10.067718467381319,⚪,"⚪ Buy: 45.0% | Sell: 55.0% | Net: -10.1% | Value: -60,349"
2025-10-14T11:14:56.233262,DOT/USDT,400284.5109,500506.9966,-100222.48570000002,44.43697654420881,55.56302345579118,-11.12604691158237,⚪,"⚪ Buy: 44.4% | Sell: 55.6% | Net: -11.1% | Value: -100,222"
2025-10-14T11:14:57.321987,LINK/USDT,398168.82665047207,514294.04727570794,-116125.22062523587,43.63671531502604,56.36328468497397,-12.726569369947939,⚪,"⚪ Buy: 43.6% | Sell: 56.4% | Net: -12.7% | Value: -116,125"
2025-10-14T11:14:58.338405,SUI/USDT,2158887.2199999997,2850743.6799999992,-691856.4599999995,43.09473618106277,56.90526381893724,-13.810527637874474,⚪,"⚪ Buy: 43.1% | Sell: 56.9% | Net: -13.8% | Value: -691,856"
2025-10-14T11:14:59.421509,SHIB/USDT,147201293714.52197,177343850804.23245,-30142557089.71048,45.356184247586455,54.64381575241356,-9.287631504827102,⚪,"⚪ Buy: 45.4% | Sell: 54.6% | Net: -9.3% | Value: -30,142,557,090"
2025-10-14T11:15:00.550563,LTC/USDT,45121.8282,49839.5008,-4717.672599999998,47.51600327750258,52.48399672249743,-4.967993444994854,⚪,"⚪ Buy: 47.5% | Sell: 52.5% | Net: -5.0% | Value: -4,718"
2025-10-14T11:15:01.595620,ATOM/USDT,83032.28642,117677.82348,-34645.53706,41.36925960599058,58.630740394009415,-17.26148078801884,⚪,"⚪ Buy: 41.4% | Sell: 58.6% | Net: -17.3% | Value: -34,646"
2025-10-14T11:15:02.718076,XLM/USDT,9396011.315038536,11495546.277557803,-2099534.9625192676,44.97515933598146,55.02484066401855,-10.049681328037083,⚪,"⚪ Buy: 45.0% | Sell: 55.0% | Net: -10.0% | Value: -2,099,535"
2025-10-14T11:15:03.831542,UNI/USDT,281075.38707999996,359626.51112000004,-78551.12404000008,43.86991639476307,56.13008360523693,-12.260167210473872,⚪,"⚪ Buy: 43.9% | Sell: 56.1% | Net: -12.3% | Value: -78,551"
2025-10-14T11:15:05.025050,ICP/USDT,61154.6707,74325.806,-13171.135299999994,45.139102097653016,54.860897902346984,-9.721795804693972,⚪,"⚪ Buy: 45.1% | Sell: 54.9% | Net: -9.7% | Value: -13,171"
2025-10-14T11:15:06.662445,APT/USDT,97742.87715999999,131138.93253999998,-33396.05537999999,42.70451954574877,57.295480454251226,-14.59096090850246,⚪,"⚪ Buy: 42.7% | Sell: 57.3% | Net: -14.6% | Value: -33,396"
2025-10-14T11:15:07.736185,NEAR/USDT,657735.3542200001,786785.14758,-129049.7933599999,45.533126971919316,54.46687302808068,-8.933746056161366,⚪,"⚪ Buy: 45.5% | Sell: 54.5% | Net: -8.9% | Value: -129,050"
2025-10-14T11:15:08.211132,AAPL,38104400.0,0,38104400.0,100.0,0.0,100.0,🟢,"🟢 Buy: 100.0% | Sell: 0.0% | Net: 100.0% | Value: 38,104,400"
2025-10-14T11:15:08.366766,MSFT,14271600.0,0,14271600.0,100.0,0.0,100.0,🟢,"🟢 Buy: 100.0% | Sell: 0.0% | Net: 100.0% | Value: 14,271,600"
2025-10-14T11:15:08.471906,GOOG,12453300.0,0,12453300.0,100.0,0.0,100.0,🟢,"🟢 Buy: 100.0% | Sell: 0.0% | Net: 100.0% | Value: 12,453,300"
2025-10-14T11:15:08.582511,GC=F,232960.0,0,232960.0,100.0,0.0,100.0,🟢,"🟢 Buy: 100.0% | Sell: 0.0% | Net: 100.0% | Value: 232,960"
2025-10-14T11:15:08.698487,CL=F,0,63865.0,-63865.0,0.0,100.0,-100.0,🔴,"🔴 Buy: 0.0% | Sell: 100.0% | Net: -100.0% | Value: -63,865"
2025-10-14T11:15:08.863856,TSLA,79333800.0,0,79333800.0,100.0,0.0,100.0,🟢,"🟢 Buy: 100.0% | Sell: 0.0% | Net: 100.0% | Value: 79,333,800"
2025-10-14T11:15:09.009854,NVDA,153130700.0,0,153130700.0,100.0,0.0,100.0,🟢,"🟢 Buy: 100.0% | Sell: 0.0% | Net: 100.0% | Value: 153,130,700"
2025-10-14T11:37:27.895262,BTC/USDT,1703.4832686,2279.6212226799994,-576.1379540799994,42.767727342562715,57.23227265743728,-14.464545314874563,⚪,⚪ Buy: 42.8% | Sell: 57.2% | Net: -14.5% | Value: -576
2025-10-14T11:37:29.280397,ETH/USDT,78217.99943904199,98990.02347870798,-20772.024039665994,44.139084761047414,55.86091523895258,-11.721830477905169,⚪,"⚪ Buy: 44.1% | Sell: 55.9% | Net: -11.7% | Value: -20,772"
2025-10-14T11:37:30.624278,BNB/USDT,5048.387223814,6536.531615876001,-1488.1443920620004,43.57723427908874,56.42276572091126,-12.845531441822525,⚪,"⚪ Buy: 43.6% | Sell: 56.4% | Net: -12.8% | Value: -1,488"
2025-10-14T11:37:32.239918,XRP/USDT,9839521.78169673,12582594.06809259,-2743072.286395861,43.883110084765626,56.11688991523437,-12.233779830468741,⚪,"⚪ Buy: 43.9% | Sell: 56.1% | Net: -12.2% | Value: -2,743,072"
2025-10-14T11:37:34.269401,SOL/USDT,138193.813968568,173584.91124243202,-35391.09727386403,44.32432452696818,55.67567547303183,-11.351350946063647,⚪,"⚪ Buy: 44.3% | Sell: 55.7% | Net: -11.4% | Value: -35,391"
2025-10-14T11:37:35.527404,DOGE/USDT,35181201.97324097,45617964.191511445,-10436762.218270473,43.5415408885597,56.458459111440284,-12.916918222880588,⚪,"⚪ Buy: 43.5% | Sell: 56.5% | Net: -12.9% | Value: -10,436,762"
2025-10-14T11:37:36.837980,ADA/USDT,10963620.152000003,14627499.547999999,-3663879.395999996,42.84150236693239,57.158497633067604,-14.316995266135212,⚪,"⚪ Buy: 42.8% | Sell: 57.2% | Net: -14.3% | Value: -3,663,879"
2025-10-14T11:37:38.112769,TRX/USDT,6120761.479,8094040.271,-1973278.7919999994,43.05907030324922,56.940929696750786,-13.88185939350156,⚪,"⚪ Buy: 43.1% | Sell: 56.9% | Net: -13.9% | Value: -1,973,279"
2025-10-14T11:37:39.353899,AVAX/USDT,277560.89236,335236.28083999996,-57675.388479999965,45.294088239766054,54.70591176023395,-9.411823520467893,⚪,"⚪ Buy: 45.3% | Sell: 54.7% | Net: -9.4% | Value: -57,675"
2025-10-14T11:37:40.905751,DOT/USDT,408888.05346,506242.69164,-97354.63817999995,44.6808344763151,55.31916552368491,-10.638331047369807,⚪,"⚪ Buy: 44.7% | Sell: 55.3% | Net: -10.6% | Value: -97,355"
2025-10-14T11:37:42.194797,LINK/USDT,409639.526450472,521941.180475708,-112301.65402523597,43.97252147933679,56.02747852066321,-12.054957041326418,⚪,"⚪ Buy: 44.0% | Sell: 56.0% | Net: -12.1% | Value: -112,302"
2025-10-14T11:37:43.450422,SUI/USDT,2202693.88,2879948.119999999,-677254.2399999993,43.33757679569012,56.662423204309874,-13.32484640861976,⚪,"⚪ Buy: 43.3% | Sell: 56.7% | Net: -13.3% | Value: -677,254"
2025-10-14T11:37:44.721343,SHIB/USDT,151821270848.85864,180423835560.45688,-28602564711.598236,45.69556267950553,54.30443732049446,-8.608874640988926,⚪,"⚪ Buy: 45.7% | Sell: 54.3% | Net: -8.6% | Value: -28,602,564,712"
2025-10-14T11:37:46.144543,LTC/USDT,46544.735400000005,50788.1056,-4243.370199999998,47.82017551506587,52.17982448493412,-4.359648969868245,⚪,"⚪ Buy: 47.8% | Sell: 52.2% | Net: -4.4% | Value: -4,243"
2025-10-14T11:37:47.378775,ATOM/USDT,86031.23449999999,119677.12220000001,-33645.88770000002,41.821944368291184,58.178055631708816,-16.356111263417635,⚪,"⚪ Buy: 41.8% | Sell: 58.2% | Net: -16.4% | Value: -33,646"
2025-10-14T11:37:48.619268,XLM/USDT,9592221.929038536,11626353.353557803,-2034131.424519267,45.20672006148387,54.793279938516136,-9.586559877032268,⚪,"⚪ Buy: 45.2% | Sell: 54.8% | Net: -9.6% | Value: -2,034,131"
2025-10-14T11:37:49.903263,UNI/USDT,297460.9384,370550.212,-73089.27360000001,44.52933730550496,55.470662694495054,-10.941325388990098,⚪,"⚪ Buy: 44.5% | Sell: 55.5% | Net: -10.9% | Value: -73,089"
2025-10-14T11:37:51.172010,ICP/USDT,63016.15858,75566.79792,-12550.639339999994,45.471795501779475,54.528204498220525,-9.056408996441055,⚪,"⚪ Buy: 45.5% | Sell: 54.5% | Net: -9.1% | Value: -12,551"
2025-10-14T11:37:52.461108,APT/USDT,100150.04163999998,132743.70885999998,-32593.667220000003,43.0024598878191,56.9975401121809,-13.9950802243618,⚪,"⚪ Buy: 43.0% | Sell: 57.0% | Net: -14.0% | Value: -32,594"
2025-10-14T11:37:53.695346,NEAR/USDT,685603.34446,805363.80774,-119760.46327999991,45.983799404859894,54.01620059514012,-8.03240119028022,⚪,"⚪ Buy: 46.0% | Sell: 54.0% | Net: -8.0% | Value: -119,760"
2025-10-14T11:37:54.467975,AAPL,38104400.0,0,38104400.0,100.0,0.0,100.0,🟢,"🟢 Buy: 100.0% | Sell: 0.0% | Net: 100.0% | Value: 38,104,400"
2025-10-14T11:37:54.898498,MSFT,14271600.0,0,14271600.0,100.0,0.0,100.0,🟢,"🟢 Buy: 100.0% | Sell: 0.0% | Net: 100.0% | Value: 14,271,600"
2025-10-14T11:37:55.232935,GOOG,12453300.0,0,12453300.0,100.0,0.0,100.0,🟢,"🟢 Buy: 100.0% | Sell: 0.0% | Net: 100.0% | Value: 12,453,300"
2025-10-14T11:37:55.458498,GC=F,236257.0,0,236257.0,100.0,0.0,100.0,🟢,"🟢 Buy: 100.0% | Sell: 0.0% | Net: 100.0% | Value: 236,257"
2025-10-14T11:37:55.797309,CL=F,0,67732.0,-67732.0,0.0,100.0,-100.0,🔴,"🔴 Buy: 0.0% | Sell: 100.0% | Net: -100.0% | Value: -67,732"
2025-10-14T11:37:56.088284,TSLA,79333800.0,0,79333800.0,100.0,0.0,100.0,🟢,"🟢 Buy: 100.0% | Sell: 0.0% | Net: 100.0% | Value: 79,333,800"
2025-10-14T11:37:56.347481,NVDA,153130700.0,0,153130700.0,100.0,0.0,100.0,🟢,"🟢 Buy: 100.0% | Sell: 0.0% | Net: 100.0% | Value: 153,130,700"
2025-10-14T12:37:45.965325,BTC/USDT,1772.0707175559999,2327.298841614,-555.2281240580003,43.227883994796294,56.77211600520371,-13.544232010407411,⚪,⚪ Buy: 43.2% | Sell: 56.8% | Net: -13.5% | Value: -555
2025-10-14T12:37:47.213060,ETH/USDT,77589.81070167,101600.87138324999,-24011.06068158,43.3001369261486,56.69986307385139,-13.399726147702786,⚪,"⚪ Buy: 43.3% | Sell: 56.7% | Net: -13.4% | Value: -24,011"
2025-10-14T12:37:48.486349,BNB/USDT,4924.957143814,6740.863795876001,-1815.9066520620008,42.21697872164384,57.78302127835615,-15.566042556712304,⚪,"⚪ Buy: 42.2% | Sell: 57.8% | Net: -15.6% | Value: -1,816"
2025-10-14T12:37:49.863011,XRP/USDT,9652009.04883673,12785897.21745259,-3133888.168615859,43.016531641982546,56.983468358017454,-13.966936716034903,⚪,"⚪ Buy: 43.0% | Sell: 57.0% | Net: -14.0% | Value: -3,133,888"
2025-10-14T12:37:51.072915,SOL/USDT,135179.16057132202,178537.267644268,-43358.107072945975,43.08960207797124,56.910397922028764,-13.820795844057526,⚪,"⚪ Buy: 43.1% | Sell: 56.9% | Net: -13.8% | Value: -43,358"
2025-10-14T12:37:52.370324,DOGE/USDT,35115903.38476096,46550887.67969145,-11434984.294930488,42.9989998713762,57.0010001286238,-14.002000257247602,⚪,"⚪ Buy: 43.0% | Sell: 57.0% | Net: -14.0% | Value: -11,434,984"
2025-10-14T12:37:53.654033,ADA/USDT,11162191.340000002,14745381.059999999,-3583189.719999997,43.084667168584275,56.91533283141573,-13.830665662831448,⚪,"⚪ Buy: 43.1% | Sell: 56.9% | Net: -13.8% | Value: -3,583,190"
2025-10-14T12:37:54.871952,TRX/USDT,6488412.789999999,8500508.879999999,-2012096.0899999999,43.28805589121475,56.711944108785254,-13.42388821757049,⚪,"⚪ Buy: 43.3% | Sell: 56.7% | Net: -13.4% | Value: -2,012,096"
2025-10-14T12:37:56.375656,AVAX/USDT,266552.8969,331783.7431,-65230.84620000003,44.54898448137824,55.45101551862176,-10.902031037243521,⚪,"⚪ Buy: 44.5% | Sell: 55.5% | Net: -10.9% | Value: -65,231"
2025-10-14T12:37:57.673423,DOT/USDT,409912.2208799999,517169.62702,-107257.4061400001,44.21532163622033,55.78467836377967,-11.56935672755934,⚪,"⚪ Buy: 44.2% | Sell: 55.8% | Net: -11.6% | Value: -107,257"
2025-10-14T12:37:59.000944,LINK/USDT,413107.163010472,541940.174915708,-128833.011905236,43.25515046275151,56.744849537248484,-13.489699074496983,⚪,"⚪ Buy: 43.3% | Sell: 56.7% | Net: -13.5% | Value: -128,833"
2025-10-14T12:38:00.200029,SUI/USDT,2350703.6905359197,3050946.0858038794,-700242.3952679597,43.518254382807754,56.481745617192246,-12.963491234384497,⚪,"⚪ Buy: 43.5% | Sell: 56.5% | Net: -13.0% | Value: -700,242"
2025-10-14T12:38:01.475074,SHIB/USDT,148246203482.33075,182329650748.38275,-34083447266.052002,44.84483714859212,55.15516285140788,-10.310325702815756,⚪,"⚪ Buy: 44.8% | Sell: 55.2% | Net: -10.3% | Value: -34,083,447,266"
2025-10-14T12:38:02.779448,LTC/USDT,44743.266200000005,51219.06179999999,-6475.795599999983,46.62586572514165,53.374134274858356,-6.7482685497167,⚪,"⚪ Buy: 46.6% | Sell: 53.4% | Net: -6.7% | Value: -6,476"
2025-10-14T12:38:04.338953,ATOM/USDT,54011.340400000016,69012.6176,-15001.277199999982,43.903107393114446,56.096892606885554,-12.193785213771111,⚪,"⚪ Buy: 43.9% | Sell: 56.1% | Net: -12.2% | Value: -15,001"
2025-10-14T12:38:05.588358,XLM/USDT,9936239.277038535,11891288.915557804,-1955049.6385192685,45.52159635010253,54.47840364989748,-8.956807299794944,⚪,"⚪ Buy: 45.5% | Sell: 54.5% | Net: -9.0% | Value: -1,955,050"
2025-10-14T12:38:07.004166,UNI/USDT,309547.12934,377252.72105999995,-67705.59171999997,45.07093721114183,54.929062788858175,-9.858125577716342,⚪,"⚪ Buy: 45.1% | Sell: 54.9% | Net: -9.9% | Value: -67,706"
2025-10-14T12:38:08.281713,ICP/USDT,64388.315339999994,76414.89495999999,-12026.579619999997,45.72929495202,54.27070504798001,-8.541410095960005,⚪,"⚪ Buy: 45.7% | Sell: 54.3% | Net: -8.5% | Value: -12,027"
2025-10-14T12:38:09.603098,APT/USDT,118474.25865999999,157941.68693999999,-39467.42827999999,42.86086260430267,57.13913739569734,-14.278274791394665,⚪,"⚪ Buy: 42.9% | Sell: 57.1% | Net: -14.3% | Value: -39,467"
2025-10-14T12:38:11.049426,NEAR/USDT,704497.26696,816631.62514,-112134.35817999998,46.31410728037673,53.685892719623276,-7.371785439246538,⚪,"⚪ Buy: 46.3% | Sell: 53.7% | Net: -7.4% | Value: -112,134"
2025-10-14T12:38:11.470383,AAPL,38104400.0,0,38104400.0,100.0,0.0,100.0,🟢,"🟢 Buy: 100.0% | Sell: 0.0% | Net: 100.0% | Value: 38,104,400"
2025-10-14T12:38:11.624663,MSFT,14271600.0,0,14271600.0,100.0,0.0,100.0,🟢,"🟢 Buy: 100.0% | Sell: 0.0% | Net: 100.0% | Value: 14,271,600"
2025-10-14T12:38:11.749498,GOOG,12453300.0,0,12453300.0,100.0,0.0,100.0,🟢,"🟢 Buy: 100.0% | Sell: 0.0% | Net: 100.0% | Value: 12,453,300"
2025-10-14T12:38:11.866263,GC=F,249363.0,0,249363.0,100.0,0.0,100.0,🟢,"🟢 Buy: 100.0% | Sell: 0.0% | Net: 100.0% | Value: 249,363"
2025-10-14T12:38:11.990927,CL=F,0,78678.0,-78678.0,0.0,100.0,-100.0,🔴,"🔴 Buy: 0.0% | Sell: 100.0% | Net: -100.0% | Value: -78,678"
2025-10-14T12:38:12.234605,TSLA,79333800.0,0,79333800.0,100.0,0.0,100.0,🟢,"🟢 Buy: 100.0% | Sell: 0.0% | Net: 100.0% | Value: 79,333,800"
2025-10-14T12:38:12.419931,NVDA,153130700.0,0,153130700.0,100.0,0.0,100.0,🟢,"🟢 Buy: 100.0% | Sell: 0.0% | Net: 100.0% | Value: 153,130,700"
2025-10-14T13:29:02.056435,BTC/USDT,1823.804159612,2404.899004698,-581.0948450860003,43.12916014074474,56.87083985925527,-13.74167971851053,⚪,⚪ Buy: 43.1% | Sell: 56.9% | Net: -13.7% | Value: -581
2025-10-14T13:29:04.594877,ETH/USDT,80509.881947136,102198.050627494,-21688.168680357994,44.06479828906741,55.93520171093258,-11.870403421865172,⚪,"⚪ Buy: 44.1% | Sell: 55.9% | Net: -11.9% | Value: -21,688"
2025-10-14T13:29:07.673707,BNB/USDT,5480.362400388001,7170.672833592002,-1690.3104332040002,43.31947780580076,56.68052219419925,-13.361044388398485,⚪,"⚪ Buy: 43.3% | Sell: 56.7% | Net: -13.4% | Value: -1,690"
2025-10-14T13:29:11.859336,XRP/USDT,9901198.949621854,12731352.165576007,-2830153.215954153,43.74760449772344,56.25239550227658,-12.504791004553137,⚪,"⚪ Buy: 43.7% | Sell: 56.3% | Net: -12.5% | Value: -2,830,153"
2025-10-14T13:29:13.513167,SOL/USDT,140596.21657132203,179760.26064426798,-39164.04407294595,43.887427466217616,56.11257253378238,-12.225145067564767,⚪,"⚪ Buy: 43.9% | Sell: 56.1% | Net: -12.2% | Value: -39,164"
2025-10-14T13:29:16.692524,DOGE/USDT,36629608.45568097,47109953.35007145,-10480344.894390486,43.742297745299076,56.25770225470092,-12.515404509401847,⚪,"⚪ Buy: 43.7% | Sell: 56.3% | Net: -12.5% | Value: -10,480,345"
2025-10-14T13:29:19.109190,ADA/USDT,11711157.87,15079289.309999997,-3368131.4399999976,43.71393202702039,56.286067972979616,-12.57213594595922,⚪,"⚪ Buy: 43.7% | Sell: 56.3% | Net: -12.6% | Value: -3,368,131"
2025-10-14T13:29:22.661530,TRX/USDT,6912248.56,8956048.959999999,-2043800.3999999994,43.56011444383354,56.439885556166445,-12.87977111233291,⚪,"⚪ Buy: 43.6% | Sell: 56.4% | Net: -12.9% | Value: -2,043,800"
2025-10-14T13:29:24.481172,AVAX/USDT,265704.4029,326002.42579999997,-60298.02289999998,44.90473829476696,55.09526170523304,-10.19052341046609,⚪,"⚪ Buy: 44.9% | Sell: 55.1% | Net: -10.2% | Value: -60,298"
2025-10-14T13:29:27.348343,DOT/USDT,429622.90741999994,524858.60248,-95235.69506000006,45.01112938950605,54.988870610493954,-9.977741220987905,⚪,"⚪ Buy: 45.0% | Sell: 55.0% | Net: -10.0% | Value: -95,236"
2025-10-14T13:29:29.113791,LINK/USDT,430101.368910472,545320.5041157079,-115219.13520523591,44.09388191963666,55.90611808036334,-11.81223616072668,⚪,"⚪ Buy: 44.1% | Sell: 55.9% | Net: -11.8% | Value: -115,219"
2025-10-14T13:29:32.529968,SUI/USDT,2335127.79053592,2948001.4858038803,-612873.6952679604,44.199709459953205,55.800290540046795,-11.600581080093592,⚪,"⚪ Buy: 44.2% | Sell: 55.8% | Net: -11.6% | Value: -612,874"
2025-10-14T13:29:33.789336,SHIB/USDT,148031420194.99045,176930302238.41644,-28898882043.425995,45.553494450512076,54.44650554948793,-8.893011098975858,⚪,"⚪ Buy: 45.6% | Sell: 54.4% | Net: -8.9% | Value: -28,898,882,043"
2025-10-14T13:29:37.316483,LTC/USDT,47675.8526,52401.7144,-4725.861799999999,47.638900534022774,52.361099465977226,-4.72219893195445,⚪,"⚪ Buy: 47.6% | Sell: 52.4% | Net: -4.7% | Value: -4,726"
2025-10-14T13:29:39.856830,ATOM/USDT,61809.19592000001,75188.18688,-13378.990959999981,45.11706330202974,54.88293669797025,-9.76587339594051,⚪,"⚪ Buy: 45.1% | Sell: 54.9% | Net: -9.8% | Value: -13,379"
2025-10-14T13:29:42.720302,XLM/USDT,10102063.1120832,11960981.133124799,-1858918.0210415982,45.78725854786484,54.21274145213516,-8.425482904270327,⚪,"⚪ Buy: 45.8% | Sell: 54.2% | Net: -8.4% | Value: -1,858,918"
2025-10-14T13:29:46.158993,UNI/USDT,320897.14991999994,377629.21438,-56732.06446000008,45.939160827748296,54.0608391722517,-8.121678344503408,⚪,"⚪ Buy: 45.9% | Sell: 54.1% | Net: -8.1% | Value: -56,732"
2025-10-14T13:29:47.881290,ICP/USDT,68331.59763999999,80055.67095999999,-11724.073319999996,46.049501607983636,53.950498392016364,-7.900996784032722,⚪,"⚪ Buy: 46.0% | Sell: 54.0% | Net: -7.9% | Value: -11,724"
2025-10-14T13:29:49.910327,APT/USDT,127607.19052,162130.34508,-34523.154559999995,44.042339994279985,55.95766000572002,-11.915320011440036,⚪,"⚪ Buy: 44.0% | Sell: 56.0% | Net: -11.9% | Value: -34,523"
2025-10-14T13:29:52.012483,NEAR/USDT,712925.8138400001,807727.5541599999,-94801.74031999987,46.88286159374094,53.11713840625906,-6.234276812518122,⚪,"⚪ Buy: 46.9% | Sell: 53.1% | Net: -6.2% | Value: -94,802"
2025-10-14T13:29:52.361114,AAPL,38104400.0,0,38104400.0,100.0,0.0,100.0,🟢,"🟢 Buy: 100.0% | Sell: 0.0% | Net: 100.0% | Value: 38,104,400"
2025-10-14T13:29:52.553317,MSFT,14271600.0,0,14271600.0,100.0,0.0,100.0,🟢,"🟢 Buy: 100.0% | Sell: 0.0% | Net: 100.0% | Value: 14,271,600"
2025-10-14T13:29:52.688225,GOOG,12453300.0,0,12453300.0,100.0,0.0,100.0,🟢,"🟢 Buy: 100.0% | Sell: 0.0% | Net: 100.0% | Value: 12,453,300"
2025-10-14T13:29:52.793543,GC=F,280903.0,0,280903.0,100.0,0.0,100.0,🟢,"🟢 Buy: 100.0% | Sell: 0.0% | Net: 100.0% | Value: 280,903"
2025-10-14T13:29:52.902249,CL=F,0,99772.0,-99772.0,0.0,100.0,-100.0,🔴,"🔴 Buy: 0.0% | Sell: 100.0% | Net: -100.0% | Value: -99,772"
2025-10-14T13:29:53.017550,TSLA,79333800.0,0,79333800.0,100.0,0.0,100.0,🟢,"🟢 Buy: 100.0% | Sell: 0.0% | Net: 100.0% | Value: 79,333,800"
2025-10-14T13:29:53.192384,NVDA,153130700.0,0,153130700.0,100.0,0.0,100.0,🟢,"🟢 Buy: 100.0% | Sell: 0.0% | Net: 100.0% | Value: 153,130,700"
2025-10-14T13:48:19.275541,BTC/USDT,2087.72570504,2518.6437138,-430.91800876000025,45.32258521214613,54.67741478785385,-9.35482957570772,⚪,⚪ Buy: 45.3% | Sell: 54.7% | Net: -9.4% | Value: -431
2025-10-14T13:48:21.010891,ETH/USDT,87444.763990536,106821.305323094,-19376.541332558,45.01288583204002,54.98711416795998,-9.974228335919964,⚪,"⚪ Buy: 45.0% | Sell: 55.0% | Net: -10.0% | Value: -19,377"
2025-10-14T13:48:22.602565,BNB/USDT,5675.808616962001,7300.970311308001,-1625.1616943460003,43.73819303184099,56.261806968159,-12.523613936318004,⚪,"⚪ Buy: 43.7% | Sell: 56.3% | Net: -12.5% | Value: -1,625"
2025-10-14T13:48:23.873959,XRP/USDT,10589138.713481855,13189978.674816007,-2600839.961334152,44.5312521090163,55.46874789098369,-10.937495781967387,⚪,"⚪ Buy: 44.5% | Sell: 55.5% | Net: -10.9% | Value: -2,600,840"
2025-10-14T13:48:25.269278,SOL/USDT,154039.09657132204,188722.180644268,-34683.08407294596,44.94063559998772,55.05936440001229,-10.11872880002457,⚪,"⚪ Buy: 44.9% | Sell: 55.1% | Net: -10.1% | Value: -34,683"
2025-10-14T13:48:26.434211,DOGE/USDT,41557587.38972096,50395272.639431454,-8837685.249710493,45.194447868772855,54.805552131227145,-9.611104262454287,⚪,"⚪ Buy: 45.2% | Sell: 54.8% | Net: -9.6% | Value: -8,837,685"
2025-10-14T13:48:27.720227,ADA/USDT,13270857.977999998,16119089.381999997,-2848231.403999999,45.15441220579308,54.84558779420692,-9.691175588413845,⚪,"⚪ Buy: 45.2% | Sell: 54.8% | Net: -9.7% | Value: -2,848,231"
2025-10-14T13:48:29.055489,TRX/USDT,7405813.011999999,9285091.928,-1879278.9160000002,44.370350431101315,55.6296495688987,-11.259299137797381,⚪,"⚪ Buy: 44.4% | Sell: 55.6% | Net: -11.3% | Value: -1,879,279"
2025-10-14T13:48:30.367923,AVAX/USDT,277736.37701999996,334023.74188,-56287.36486000003,45.399555878110384,54.60044412188962,-9.200888243779247,⚪,"⚪ Buy: 45.4% | Sell: 54.6% | Net: -9.2% | Value: -56,287"
2025-10-14T13:48:31.575240,DOT/USDT,464587.8098599999,548168.53744,-83580.72758000006,45.87360139470735,54.12639860529266,-8.25279721058531,⚪,"⚪ Buy: 45.9% | Sell: 54.1% | Net: -8.3% | Value: -83,581"
2025-10-14T13:48:32.854513,LINK/USDT,452499.11841047206,560252.337115708,-107753.21870523598,44.68017458196334,55.31982541803666,-10.639650836073324,⚪,"⚪ Buy: 44.7% | Sell: 55.3% | Net: -10.6% | Value: -107,753"
2025-10-14T13:48:34.033368,SUI/USDT,2507189.6705359197,3062709.40580388,-555519.7352679605,45.01319747760121,54.98680252239879,-9.973605044797587,⚪,"⚪ Buy: 45.0% | Sell: 55.0% | Net: -10.0% | Value: -555,520"
2025-10-14T13:48:35.297732,SHIB/USDT,155708264293.68115,182048198304.21024,-26339934010.529083,46.10075055145762,53.899249448542385,-7.798498897084767,⚪,"⚪ Buy: 46.1% | Sell: 53.9% | Net: -7.8% | Value: -26,339,934,011"
2025-10-14T13:48:36.610932,LTC/USDT,51763.1852,55126.6028,-3363.4176000000007,48.42668899296535,51.57331100703465,-3.146622014069296,⚪,"⚪ Buy: 48.4% | Sell: 51.6% | Net: -3.1% | Value: -3,363"
2025-10-14T13:48:38.052104,ATOM/USDT,74284.03166000001,83504.74403999999,-9220.712379999983,47.078146928039075,52.92185307196093,-5.843706143921859,⚪,"⚪ Buy: 47.1% | Sell: 52.9% | Net: -5.8% | Value: -9,221"
2025-10-14T13:48:39.248325,XLM/USDT,10690619.7380832,12353352.2171248,-1662732.4790415987,46.3922615374781,53.6077384625219,-7.215476925043804,⚪,"⚪ Buy: 46.4% | Sell: 53.6% | Net: -7.2% | Value: -1,662,732"
2025-10-14T13:48:40.540250,UNI/USDT,337978.14557999995,389016.54482,-51038.39924000006,46.48976808813293,53.510231911867066,-7.020463823734147,⚪,"⚪ Buy: 46.5% | Sell: 53.5% | Net: -7.0% | Value: -51,038"
2025-10-14T13:48:41.707255,ICP/USDT,72459.71632,82807.75007999998,-10348.033759999977,46.66767481948171,53.3323251805183,-6.664650361036598,⚪,"⚪ Buy: 46.7% | Sell: 53.3% | Net: -6.7% | Value: -10,348"
2025-10-14T13:48:42.938532,APT/USDT,137181.59698,168513.28272000002,-31331.685740000015,44.87533357268724,55.124666427312754,-10.249332854625504,⚪,"⚪ Buy: 44.9% | Sell: 55.1% | Net: -10.2% | Value: -31,332"
2025-10-14T13:48:44.271953,NEAR/USDT,743912.9457800001,828385.64212,-84472.69633999991,47.31371963982923,52.686280360170755,-5.372560720341527,⚪,"⚪ Buy: 47.3% | Sell: 52.7% | Net: -5.4% | Value: -84,473"
2025-10-14T13:48:44.895029,AAPL,0,3545939.0,-3545939.0,0.0,100.0,-100.0,🔴,"🔴 Buy: 0.0% | Sell: 100.0% | Net: -100.0% | Value: -3,545,939"
2025-10-14T13:48:45.110973,MSFT,0,1968459.0,-1968459.0,0.0,100.0,-100.0,🔴,"🔴 Buy: 0.0% | Sell: 100.0% | Net: -100.0% | Value: -1,968,459"
2025-10-14T13:48:45.381007,GOOG,0,1689823.0,-1689823.0,0.0,100.0,-100.0,🔴,"🔴 Buy: 0.0% | Sell: 100.0% | Net: -100.0% | Value: -1,689,823"
2025-10-14T13:48:45.624435,GC=F,289643.0,0,289643.0,100.0,0.0,100.0,🟢,"🟢 Buy: 100.0% | Sell: 0.0% | Net: 100.0% | Value: 289,643"
2025-10-14T13:48:45.708322,CL=F,0,112855.0,-112855.0,0.0,100.0,-100.0,🔴,"🔴 Buy: 0.0% | Sell: 100.0% | Net: -100.0% | Value: -112,855"
2025-10-14T13:48:45.834918,TSLA,0,0,0,0,0,0,⚪,⚪ Buy: 0.0% | Sell: 0.0% | Net: 0.0% | Value: 0
2025-10-14T13:48:46.096795,NVDA,0,34628865.0,-34628865.0,0.0,100.0,-100.0,🔴,"🔴 Buy: 0.0% | Sell: 100.0% | Net: -100.0% | Value: -34,628,865"
2025-10-14T14:18:19.158724,BTC/USDT,2319.2989055,2619.3473376699994,-300.0484321699996,46.96224008163211,53.03775991836789,-6.075519836735778,⚪,⚪ Buy: 47.0% | Sell: 53.0% | Net: -6.1% | Value: -300
2025-10-14T14:18:20.992027,ETH/USDT,90057.07216375599,105253.39373647398,-15196.321572717992,46.10970116151361,53.89029883848638,-7.780597676972772,⚪,"⚪ Buy: 46.1% | Sell: 53.9% | Net: -7.8% | Value: -15,196"
2025-10-14T14:18:22.339542,BNB/USDT,6710.541876962001,7882.761751308,-1172.2198743459994,45.9837062799297,54.01629372007031,-8.032587440140606,⚪,"⚪ Buy: 46.0% | Sell: 54.0% | Net: -8.0% | Value: -1,172"
2025-10-14T14:18:24.413728,XRP/USDT,10935603.13227368,13071561.654203743,-2135958.521930063,45.5514144612087,54.44858553879129,-8.897171077582597,⚪,"⚪ Buy: 45.6% | Sell: 54.4% | Net: -8.9% | Value: -2,135,959"
2025-10-14T14:18:27.078061,SOL/USDT,163913.271167906,188460.42305382396,-24547.151885917963,46.5168864349914,53.48311356500859,-6.966227130017188,⚪,"⚪ Buy: 46.5% | Sell: 53.5% | Net: -7.0% | Value: -24,547"
2025-10-14T14:18:28.403335,DOGE/USDT,42891131.90596096,50298319.40899145,-7407187.503030486,46.025737141644704,53.9742628583553,-7.948525716710589,⚪,"⚪ Buy: 46.0% | Sell: 54.0% | Net: -7.9% | Value: -7,407,188"
2025-10-14T14:18:29.898636,ADA/USDT,14050860.596,16219385.253999999,-2168524.657999998,46.41805905914042,53.58194094085958,-7.163881881719167,⚪,"⚪ Buy: 46.4% | Sell: 53.6% | Net: -7.2% | Value: -2,168,525"
2025-10-14T14:18:32.707235,TRX/USDT,7814157.442,9465709.287999999,-1651551.845999999,45.22116729311142,54.77883270688859,-9.557665413777178,⚪,"⚪ Buy: 45.2% | Sell: 54.8% | Net: -9.6% | Value: -1,651,552"
2025-10-14T14:18:34.503503,AVAX/USDT,283573.89082,329468.36848,-45894.47766000003,46.25682593950338,53.743174060496614,-7.486348120993236,⚪,"⚪ Buy: 46.3% | Sell: 53.7% | Net: -7.5% | Value: -45,894"
2025-10-14T14:18:36.578095,DOT/USDT,467815.87876000005,537247.87104,-69431.99227999995,46.54589112910418,53.45410887089582,-6.90821774179164,⚪,"⚪ Buy: 46.5% | Sell: 53.5% | Net: -6.9% | Value: -69,432"
2025-10-14T14:18:38.920222,LINK/USDT,457467.47283047205,539385.643595708,-81918.1707652359,45.891161425119435,54.10883857488057,-8.21767714976113,⚪,"⚪ Buy: 45.9% | Sell: 54.1% | Net: -8.2% | Value: -81,918"
2025-10-14T14:18:41.275479,SUI/USDT,2554425.7305359202,2998163.7458038805,-443738.01526796026,46.00422454101121,53.995775458988795,-7.991550917977588,⚪,"⚪ Buy: 46.0% | Sell: 54.0% | Net: -8.0% | Value: -443,738"
2025-10-14T14:18:42.925829,SHIB/USDT,153684610620.31384,173698496641.24127,-20013886020.92743,46.94335389074645,53.056646109253556,-6.113292218507108,⚪,"⚪ Buy: 46.9% | Sell: 53.1% | Net: -6.1% | Value: -20,013,886,021"
2025-10-14T14:18:44.252222,LTC/USDT,50797.51040000001,54482.8196,-3685.309199999996,48.24976365480617,51.75023634519383,-3.5004726903876495,⚪,"⚪ Buy: 48.2% | Sell: 51.8% | Net: -3.5% | Value: -3,685"
2025-10-14T14:18:45.639120,ATOM/USDT,76370.67662,83317.18028,-6946.503660000002,47.82497436096532,52.175025639034665,-4.350051278069348,⚪,"⚪ Buy: 47.8% | Sell: 52.2% | Net: -4.4% | Value: -6,947"
2025-10-14T14:18:47.831075,XLM/USDT,10907041.3480832,12358990.947124802,-1451949.5990416016,46.879679395655586,53.120320604344414,-6.240641208688828,⚪,"⚪ Buy: 46.9% | Sell: 53.1% | Net: -6.2% | Value: -1,451,950"
2025-10-14T14:18:50.748684,UNI/USDT,334570.01323999994,366671.39976,-32101.38652000006,47.71110305774254,52.288896942257466,-4.577793884514927,⚪,"⚪ Buy: 47.7% | Sell: 52.3% | Net: -4.6% | Value: -32,101"
2025-10-14T14:18:52.722437,ICP/USDT,75365.76002,82239.69007999999,-6873.930059999984,47.81926003966281,52.1807399603372,-4.361479920674383,⚪,"⚪ Buy: 47.8% | Sell: 52.2% | Net: -4.4% | Value: -6,874"
2025-10-14T14:18:56.079390,APT/USDT,138606.03152000002,164639.29688,-26033.26535999999,45.707557063226965,54.29244293677304,-8.584885873546071,⚪,"⚪ Buy: 45.7% | Sell: 54.3% | Net: -8.6% | Value: -26,033"
2025-10-14T14:18:57.300586,NEAR/USDT,739818.28426,790702.35904,-50884.074780000024,48.337687407133316,51.66231259286668,-3.324625185733358,⚪,"⚪ Buy: 48.3% | Sell: 51.7% | Net: -3.3% | Value: -50,884"
2025-10-14T14:18:57.863551,AAPL,0,6091574.0,-6091574.0,0.0,100.0,-100.0,🔴,"🔴 Buy: 0.0% | Sell: 100.0% | Net: -100.0% | Value: -6,091,574"
2025-10-14T14:18:58.053384,MSFT,0,3021801.0,-3021801.0,0.0,100.0,-100.0,🔴,"🔴 Buy: 0.0% | Sell: 100.0% | Net: -100.0% | Value: -3,021,801"
2025-10-14T14:18:58.209336,GOOG,0,2678620.0,-2678620.0,0.0,100.0,-100.0,🔴,"🔴 Buy: 0.0% | Sell: 100.0% | Net: -100.0% | Value: -2,678,620"
2025-10-14T14:18:58.337935,GC=F,307980.0,0,307980.0,100.0,0.0,100.0,🟢,"🟢 Buy: 100.0% | Sell: 0.0% | Net: 100.0% | Value: 307,980"
2025-10-14T14:18:58.453094,CL=F,0,127166.0,-127166.0,0.0,100.0,-100.0,🔴,"🔴 Buy: 0.0% | Sell: 100.0% | Net: -100.0% | Value: -127,166"
2025-10-14T14:18:58.574806,TSLA,0,0,0,0,0,0,⚪,⚪ Buy: 0.0% | Sell: 0.0% | Net: 0.0% | Value: 0
2025-10-14T14:18:58.760053,NVDA,0,54558630.0,-54558630.0,0.0,100.0,-100.0,🔴,"🔴 Buy: 0.0% | Sell: 100.0% | Net: -100.0% | Value: -54,558,630"
2025-10-14T14:44:49.667948,BTC/USDT,2503.025035652,2741.831424438,-238.80638878599984,47.723423027844866,52.276576972155134,-4.55315394431027,⚪,⚪ Buy: 47.7% | Sell: 52.3% | Net: -4.6% | Value: -239
2025-10-14T14:44:51.307249,ETH/USDT,94365.73453711599,108125.83531871399,-13760.100781597997,46.602302804162434,53.39769719583756,-6.795394391675129,⚪,"⚪ Buy: 46.6% | Sell: 53.4% | Net: -6.8% | Value: -13,760"
2025-10-14T14:44:54.697377,BNB/USDT,6936.336516962001,8033.291511308001,-1096.9549943459997,46.33606462273341,53.66393537726659,-7.327870754533182,⚪,"⚪ Buy: 46.3% | Sell: 53.7% | Net: -7.3% | Value: -1,097"
2025-10-14T14:44:57.071009,XRP/USDT,11945688.68607368,13744952.023403743,-1799263.3373300638,46.49821240801849,53.50178759198151,-7.003575183963028,⚪,"⚪ Buy: 46.5% | Sell: 53.5% | Net: -7.0% | Value: -1,799,263"
2025-10-14T14:44:59.432870,SOL/USDT,177658.682567906,197624.03065382395,-19965.34808591794,47.3399589985748,52.660041001425206,-5.320082002850402,⚪,"⚪ Buy: 47.3% | Sell: 52.7% | Net: -5.3% | Value: -19,965"
2025-10-14T14:45:00.822354,DOGE/USDT,45700656.631659515,52171335.89279048,-6470679.261130966,46.6943151486803,53.30568485131969,-6.61136970263938,⚪,"⚪ Buy: 46.7% | Sell: 53.3% | Net: -6.6% | Value: -6,470,679"
2025-10-14T14:45:02.864459,ADA/USDT,14814427.118,16728429.601999998,-1914002.4839999974,46.96602863052285,53.03397136947715,-6.067942738954297,⚪,"⚪ Buy: 47.0% | Sell: 53.0% | Net: -6.1% | Value: -1,914,002"
2025-10-14T14:45:06.036610,TRX/USDT,8543368.918,9951850.271999998,-1408481.3539999984,46.19230964626379,53.80769035373621,-7.61538070747243,⚪,"⚪ Buy: 46.2% | Sell: 53.8% | Net: -7.6% | Value: -1,408,481"
2025-10-14T14:45:08.509582,AVAX/USDT,296744.7424,338248.9362,-41504.19380000001,46.731920710493824,53.268079289506176,-6.5361585790123495,⚪,"⚪ Buy: 46.7% | Sell: 53.3% | Net: -6.5% | Value: -41,504"
2025-10-14T14:45:09.842926,DOT/USDT,477009.3860200001,543376.8758800001,-66367.48985999997,46.74792319643636,53.25207680356363,-6.504153607127269,⚪,"⚪ Buy: 46.7% | Sell: 53.3% | Net: -6.5% | Value: -66,367"
2025-10-14T14:45:11.231630,LINK/USDT,466998.06291047204,545739.370315708,-78741.30740523594,46.11245201264076,53.88754798735924,-7.775095974718477,⚪,"⚪ Buy: 46.1% | Sell: 53.9% | Net: -7.8% | Value: -78,741"
2025-10-14T14:45:13.854975,SUI/USDT,2713061.65053592,3103921.0258038803,-390859.37526796013,46.640359813535675,53.35964018646433,-6.7192803729286545,⚪,"⚪ Buy: 46.6% | Sell: 53.4% | Net: -6.7% | Value: -390,859"
2025-10-14T14:45:16.008823,SHIB/USDT,159825438843.68048,177792382123.48572,-17966943279.805237,47.33915952239492,52.660840477605085,-5.321680955210165,⚪,"⚪ Buy: 47.3% | Sell: 52.7% | Net: -5.3% | Value: -17,966,943,280"
2025-10-14T14:45:18.321628,LTC/USDT,52518.65180000001,55630.2472,-3111.595399999991,48.56142992264767,51.43857007735233,-2.8771401547046644,⚪,"⚪ Buy: 48.6% | Sell: 51.4% | Net: -2.9% | Value: -3,112"
2025-10-14T14:45:20.237773,ATOM/USDT,84579.36062,88789.63628,-4210.275659999999,48.78574723990919,51.21425276009081,-2.428505520181618,⚪,"⚪ Buy: 48.8% | Sell: 51.2% | Net: -2.4% | Value: -4,210"
2025-10-14T14:45:22.719886,XLM/USDT,11472035.3500832,12735653.615124801,-1263618.265041601,47.39004770992863,52.60995229007137,-5.219904580142739,⚪,"⚪ Buy: 47.4% | Sell: 52.6% | Net: -5.2% | Value: -1,263,618"
2025-10-14T14:45:24.378625,UNI/USDT,352151.321,378392.2716,-26240.950599999982,48.20401199423237,51.79598800576763,-3.5919760115352743,⚪,"⚪ Buy: 48.2% | Sell: 51.8% | Net: -3.6% | Value: -26,241"
2025-10-14T14:45:27.118603,ICP/USDT,77218.3082,83474.72219999999,-6256.41399999999,48.05330262786556,51.946697372134444,-3.893394744268878,⚪,"⚪ Buy: 48.1% | Sell: 51.9% | Net: -3.9% | Value: -6,256"
2025-10-14T14:45:28.874490,APT/USDT,142947.73148000002,167533.76352,-24586.03203999999,46.04066064549194,53.959339354508074,-7.918678709016133,⚪,"⚪ Buy: 46.0% | Sell: 54.0% | Net: -7.9% | Value: -24,586"
2025-10-14T14:45:31.731302,NEAR/USDT,770416.69294,811101.29816,-40684.60522000003,48.7137482643589,51.286251735641095,-2.5725034712822006,⚪,"⚪ Buy: 48.7% | Sell: 51.3% | Net: -2.6% | Value: -40,685"
2025-10-14T14:45:32.139093,AAPL,0,7830510.0,-7830510.0,0.0,100.0,-100.0,🔴,"🔴 Buy: 0.0% | Sell: 100.0% | Net: -100.0% | Value: -7,830,510"
2025-10-14T14:45:32.327956,MSFT,0,3675810.0,-3675810.0,0.0,100.0,-100.0,🔴,"🔴 Buy: 0.0% | Sell: 100.0% | Net: -100.0% | Value: -3,675,810"
2025-10-14T14:45:32.495525,GOOG,4301126.0,0,4301126.0,100.0,0.0,100.0,🟢,"🟢 Buy: 100.0% | Sell: 0.0% | Net: 100.0% | Value: 4,301,126"
2025-10-14T14:45:32.612911,GC=F,318261.0,0,318261.0,100.0,0.0,100.0,🟢,"🟢 Buy: 100.0% | Sell: 0.0% | Net: 100.0% | Value: 318,261"
2025-10-14T14:45:32.730351,CL=F,0,136042.0,-136042.0,0.0,100.0,-100.0,🔴,"🔴 Buy: 0.0% | Sell: 100.0% | Net: -100.0% | Value: -136,042"
2025-10-14T14:45:32.845014,TSLA,0,25351619.0,-25351619.0,0.0,100.0,-100.0,🔴,"🔴 Buy: 0.0% | Sell: 100.0% | Net: -100.0% | Value: -25,351,619"
2025-10-14T14:45:33.193768,NVDA,0,68685166.0,-68685166.0,0.0,100.0,-100.0,🔴,"🔴 Buy: 0.0% | Sell: 100.0% | Net: -100.0% | Value: -68,685,166"
2025-10-14T15:19:50.679003,BTC/USDT,2566.813678212,2753.7888467579996,-186.97516854599962,48.24291358292119,51.7570864170788,-3.5141728341576104,⚪,⚪ Buy: 48.2% | Sell: 51.8% | Net: -3.5% | Value: -187
2025-10-14T15:19:52.112304,ETH/USDT,93815.24341801599,105408.473612564,-11593.230194548014,47.090399083165266,52.90960091683474,-5.819201833669483,⚪,"⚪ Buy: 47.1% | Sell: 52.9% | Net: -5.8% | Value: -11,593"
2025-10-14T15:19:53.995462,BNB/USDT,6905.911576962,7799.630951307999,-893.7193743459984,46.961283908336235,53.03871609166377,-6.077432183327534,⚪,⚪ Buy: 47.0% | Sell: 53.0% | Net: -6.1% | Value: -894
2025-10-14T15:19:56.028439,XRP/USDT,11818359.28381368,13347854.969263744,-1529495.685450064,46.96121222272628,53.03878777727371,-6.077575554547427,⚪,"⚪ Buy: 47.0% | Sell: 53.0% | Net: -6.1% | Value: -1,529,496"
2025-10-14T15:19:57.435789,SOL/USDT,179847.038167906,196893.93605382397,-17046.897885917977,47.73758377076804,52.26241622923196,-4.524832458463907,⚪,"⚪ Buy: 47.7% | Sell: 52.3% | Net: -4.5% | Value: -17,047"
2025-10-14T15:19:59.289649,DOGE/USDT,44776193.87011951,50336126.64833048,-5559932.778210968,47.07717530814925,52.92282469185074,-5.845649383701501,⚪,"⚪ Buy: 47.1% | Sell: 52.9% | Net: -5.8% | Value: -5,559,933"
2025-10-14T15:20:00.737983,ADA/USDT,14910121.408,16533355.541999998,-1623234.1339999977,47.418806233513564,52.581193766486436,-5.162387532972869,⚪,"⚪ Buy: 47.4% | Sell: 52.6% | Net: -5.2% | Value: -1,623,234"
2025-10-14T15:20:02.234390,TRX/USDT,8928677.28,10223871.09,-1295193.8100000005,46.618742882203726,53.38125711779629,-6.762514235592559,⚪,"⚪ Buy: 46.6% | Sell: 53.4% | Net: -6.8% | Value: -1,295,194"
2025-10-14T15:20:03.488278,AVAX/USDT,291448.096202172,325997.411203258,-34549.31500108598,47.2022377208423,52.7977622791577,-5.595524558315403,⚪,"⚪ Buy: 47.2% | Sell: 52.8% | Net: -5.6% | Value: -34,549"
2025-10-14T15:20:05.350153,DOT/USDT,466574.76326000004,523747.32723999996,-57172.56397999992,47.11343589482417,52.886564105175836,-5.773128210351673,⚪,"⚪ Buy: 47.1% | Sell: 52.9% | Net: -5.8% | Value: -57,173"
2025-10-14T15:20:06.735339,LINK/USDT,453667.168310472,517798.60341570794,-64131.435105235956,46.69924371132079,53.30075628867922,-6.601512577358435,⚪,"⚪ Buy: 46.7% | Sell: 53.3% | Net: -6.6% | Value: -64,131"
2025-10-14T15:20:08.146622,SUI/USDT,2695730.7505359203,3030111.42580388,-334380.67526795994,47.08007429326571,52.9199257067343,-5.839851413468581,⚪,"⚪ Buy: 47.1% | Sell: 52.9% | Net: -5.8% | Value: -334,381"
2025-10-14T15:20:09.555486,SHIB/USDT,155233816123.84634,168645634123.90543,-13411818000.059082,47.92950463670979,52.07049536329021,-4.140990726580431,⚪,"⚪ Buy: 47.9% | Sell: 52.1% | Net: -4.1% | Value: -13,411,818,000"
2025-10-14T15:20:10.839927,LTC/USDT,51842.138000000006,53953.1,-2110.9619999999923,49.00233600306282,50.99766399693717,-1.995327993874348,⚪,"⚪ Buy: 49.0% | Sell: 51.0% | Net: -2.0% | Value: -2,111"
2025-10-14T15:20:12.265737,ATOM/USDT,82331.62406000002,85005.70224,-2674.0781799999822,49.200991721594164,50.79900827840584,-1.5980165568116778,⚪,"⚪ Buy: 49.2% | Sell: 50.8% | Net: -1.6% | Value: -2,674"
2025-10-14T15:20:13.684966,XLM/USDT,11396376.482083201,12556234.7731248,-1159858.2910415977,47.578847920413246,52.421152079586754,-4.842304159173503,⚪,"⚪ Buy: 47.6% | Sell: 52.4% | Net: -4.8% | Value: -1,159,858"
2025-10-14T15:20:15.094481,UNI/USDT,351685.09706,370600.87483999995,-18915.777779999946,48.69056173621638,51.30943826378361,-2.618876527567231,⚪,"⚪ Buy: 48.7% | Sell: 51.3% | Net: -2.6% | Value: -18,916"
2025-10-14T15:20:16.606916,ICP/USDT,78512.64118,82782.69421999999,-4270.053039999984,48.676324696740124,51.32367530325988,-2.6473506065197623,⚪,"⚪ Buy: 48.7% | Sell: 51.3% | Net: -2.6% | Value: -4,270"
2025-10-14T15:20:17.955282,APT/USDT,136491.93808000002,155193.76042,-18701.822339999984,46.794182499146416,53.20581750085357,-6.411635001707147,⚪,"⚪ Buy: 46.8% | Sell: 53.2% | Net: -6.4% | Value: -18,702"
2025-10-14T15:20:19.604656,NEAR/USDT,729023.4218600001,795674.4819400001,-66651.06007999997,47.81428636079693,52.18571363920308,-4.37142727840615,⚪,"⚪ Buy: 47.8% | Sell: 52.2% | Net: -4.4% | Value: -66,651"
2025-10-14T15:20:20.428593,AAPL,0,9775237.0,-9775237.0,0.0,100.0,-100.0,🔴,"🔴 Buy: 0.0% | Sell: 100.0% | Net: -100.0% | Value: -9,775,237"
2025-10-14T15:20:20.776251,MSFT,0,4413535.0,-4413535.0,0.0,100.0,-100.0,🔴,"🔴 Buy: 0.0% | Sell: 100.0% | Net: -100.0% | Value: -4,413,535"
2025-10-14T15:20:21.038754,GOOG,5606904.0,0,5606904.0,100.0,0.0,100.0,🟢,"🟢 Buy: 100.0% | Sell: 0.0% | Net: 100.0% | Value: 5,606,904"
2025-10-14T15:20:21.297178,GC=F,326327.0,0,326327.0,100.0,0.0,100.0,🟢,"🟢 Buy: 100.0% | Sell: 0.0% | Net: 100.0% | Value: 326,327"
2025-10-14T15:20:21.624938,CL=F,0,149678.0,-149678.0,0.0,100.0,-100.0,🔴,"🔴 Buy: 0.0% | Sell: 100.0% | Net: -100.0% | Value: -149,678"
2025-10-14T15:20:21.966315,TSLA,0,30220707.0,-30220707.0,0.0,100.0,-100.0,🔴,"🔴 Buy: 0.0% | Sell: 100.0% | Net: -100.0% | Value: -30,220,707"
2025-10-14T15:20:22.335138,NVDA,0,83595246.0,-83595246.0,0.0,100.0,-100.0,🔴,"🔴 Buy: 0.0% | Sell: 100.0% | Net: -100.0% | Value: -83,595,246"
2025-10-14T15:39:45.366648,BTC/USDT,2695.918907662,2777.1507979979997,-81.23189033599965,49.25789461212239,50.7421053878776,-1.4842107757552097,⚪,⚪ Buy: 49.3% | Sell: 50.7% | Net: -1.5% | Value: -81
2025-10-14T15:39:46.628841,ETH/USDT,97611.84981961599,106518.095208564,-8906.24538894801,47.818486310835354,52.18151368916464,-4.363027378329284,⚪,"⚪ Buy: 47.8% | Sell: 52.2% | Net: -4.4% | Value: -8,906"
2025-10-14T15:39:48.528672,BNB/USDT,7128.271036962001,7947.870591307999,-819.5995543459985,47.281799366990796,52.718200633009204,-5.436401266018407,⚪,⚪ Buy: 47.3% | Sell: 52.7% | Net: -5.4% | Value: -820
2025-10-14T15:39:49.965374,XRP/USDT,12259969.564593678,13484998.997483745,-1225029.4328900669,47.62083719400118,52.37916280599882,-4.758325611997625,⚪,"⚪ Buy: 47.6% | Sell: 52.4% | Net: -4.8% | Value: -1,225,029"
2025-10-14T15:39:51.511494,SOL/USDT,187014.355287352,198297.333466788,-11282.978179436002,48.53586349587289,51.46413650412711,-2.9282730082542225,⚪,"⚪ Buy: 48.5% | Sell: 51.5% | Net: -2.9% | Value: -11,283"
2025-10-14T15:39:52.670454,DOGE/USDT,46170711.42881951,50792276.02473048,-4621564.595910974,47.616840859959616,52.38315914004039,-4.7663182800807675,⚪,"⚪ Buy: 47.6% | Sell: 52.4% | Net: -4.8% | Value: -4,621,565"
2025-10-14T15:39:53.970560,ADA/USDT,15634709.634,16726621.865999999,-1091912.231999999,48.312936796188374,51.687063203811626,-3.374126407623243,⚪,"⚪ Buy: 48.3% | Sell: 51.7% | Net: -3.4% | Value: -1,091,912"
2025-10-14T15:39:55.096265,TRX/USDT,9053284.364,10410781.716,-1357497.352,46.512811489591904,53.4871885104081,-6.974377020816197,⚪,"⚪ Buy: 46.5% | Sell: 53.5% | Net: -7.0% | Value: -1,357,497"
2025-10-14T15:39:56.752510,AVAX/USDT,296654.382463258,326803.828542172,-30149.446078913985,47.58207963687791,52.41792036312209,-4.835840726244185,⚪,"⚪ Buy: 47.6% | Sell: 52.4% | Net: -4.8% | Value: -30,149"
2025-10-14T15:39:58.529566,DOT/USDT,482232.90546000004,529788.9615399999,-47556.05607999989,47.65044325470094,52.349556745299054,-4.699113490598114,⚪,"⚪ Buy: 47.7% | Sell: 52.3% | Net: -4.7% | Value: -47,556"
2025-10-14T15:39:59.956929,LINK/USDT,473180.486830472,522630.720095708,-49450.23326523596,47.51708793186429,52.482912068135704,-4.965824136271418,⚪,"⚪ Buy: 47.5% | Sell: 52.5% | Net: -5.0% | Value: -49,450"
2025-10-14T15:40:01.168694,SUI/USDT,2791780.2905359203,3059654.2858038805,-267873.99526796024,47.71103998709047,52.28896001290953,-4.577920025819057,⚪,"⚪ Buy: 47.7% | Sell: 52.3% | Net: -4.6% | Value: -267,874"
2025-10-14T15:40:02.725908,SHIB/USDT,161776819720.9827,170603140234.3738,-8826320513.391113,48.67225441109978,51.32774558890022,-2.6554911778004358,⚪,"⚪ Buy: 48.7% | Sell: 51.3% | Net: -2.7% | Value: -8,826,320,513"
2025-10-14T15:40:04.081201,LTC/USDT,52957.725600000005,54216.585399999996,-1258.859799999991,49.41270450528019,50.58729549471981,-1.1745909894396158,⚪,"⚪ Buy: 49.4% | Sell: 50.6% | Net: -1.2% | Value: -1,259"
2025-10-14T15:40:05.149253,ATOM/USDT,87039.87228000001,87682.29222,-642.4199399999925,49.816159574877524,50.18384042512248,-0.367680850244957,⚪,⚪ Buy: 49.8% | Sell: 50.2% | Net: -0.4% | Value: -642
2025-10-14T15:40:07.458379,XLM/USDT,11569817.7460832,12634105.1191248,-1064287.3730416,47.8014155412562,52.1985844587438,-4.397168917487599,⚪,"⚪ Buy: 47.8% | Sell: 52.2% | Net: -4.4% | Value: -1,064,287"
2025-10-14T15:40:09.530889,UNI/USDT,371384.72198000003,373511.5610199999,-2126.8390399998752,49.85723925004471,50.14276074995529,-0.28552149991059567,⚪,"⚪ Buy: 49.9% | Sell: 50.1% | Net: -0.3% | Value: -2,127"
2025-10-14T15:40:10.897242,ICP/USDT,80417.65354,84052.70245999999,-3635.0489199999865,48.89492276650755,51.10507723349246,-2.2101544669849122,⚪,"⚪ Buy: 48.9% | Sell: 51.1% | Net: -2.2% | Value: -3,635"
2025-10-14T15:40:12.512497,APT/USDT,139484.27440000002,157188.6513,-17704.376899999974,47.01617920505781,52.98382079494218,-5.967641589884376,⚪,"⚪ Buy: 47.0% | Sell: 53.0% | Net: -6.0% | Value: -17,704"
2025-10-14T15:40:13.594143,NEAR/USDT,764754.2053,807326.3064000001,-42572.10110000009,48.64599488438528,51.35400511561472,-2.7080102312294367,⚪,"⚪ Buy: 48.6% | Sell: 51.4% | Net: -2.7% | Value: -42,572"
2025-10-14T15:40:14.084368,AAPL,0,11048996.0,-11048996.0,0.0,100.0,-100.0,🔴,"🔴 Buy: 0.0% | Sell: 100.0% | Net: -100.0% | Value: -11,048,996"
2025-10-14T15:40:14.272258,MSFT,0,4790786.0,-4790786.0,0.0,100.0,-100.0,🔴,"🔴 Buy: 0.0% | Sell: 100.0% | Net: -100.0% | Value: -4,790,786"
2025-10-14T15:40:14.402839,GOOG,6100184.0,0,6100184.0,100.0,0.0,100.0,🟢,"🟢 Buy: 100.0% | Sell: 0.0% | Net: 100.0% | Value: 6,100,184"
2025-10-14T15:40:14.514637,GC=F,331262.0,0,331262.0,100.0,0.0,100.0,🟢,"🟢 Buy: 100.0% | Sell: 0.0% | Net: 100.0% | Value: 331,262"
2025-10-14T15:40:14.630669,CL=F,0,157520.0,-157520.0,0.0,100.0,-100.0,🔴,"🔴 Buy: 0.0% | Sell: 100.0% | Net: -100.0% | Value: -157,520"
2025-10-14T15:40:14.805471,TSLA,0,33581765.0,-33581765.0,0.0,100.0,-100.0,🔴,"🔴 Buy: 0.0% | Sell: 100.0% | Net: -100.0% | Value: -33,581,765"
2025-10-14T15:40:14.960587,NVDA,0,90450272.0,-90450272.0,0.0,100.0,-100.0,🔴,"🔴 Buy: 0.0% | Sell: 100.0% | Net: -100.0% | Value: -90,450,272"
2025-10-14T16:21:54.204681,BTC/USDT,2791.806583004,2682.813827956,108.99275504800016,50.99543664095688,49.00456335904311,1.9908732819137642,⚪,⚪ Buy: 51.0% | Sell: 49.0% | Net: 2.0% | Value: 109
2025-10-14T16:21:56.496076,ETH/USDT,100054.36765499601,103492.19390068398,-3437.8262456879747,49.15551846727031,50.84448153272969,-1.6889630654593788,⚪,"⚪ Buy: 49.2% | Sell: 50.8% | Net: -1.7% | Value: -3,438"
2025-10-14T16:21:59.460549,BNB/USDT,7275.933036961999,7604.521791308,-328.5887543460003,48.89590486938026,51.104095130619754,-2.208190261239495,⚪,⚪ Buy: 48.9% | Sell: 51.1% | Net: -2.2% | Value: -329
2025-10-14T16:22:02.823302,XRP/USDT,12701394.348502107,13143732.845622694,-442338.49712058716,49.1442516537099,50.855748346290085,-1.711496692580182,⚪,"⚪ Buy: 49.1% | Sell: 50.9% | Net: -1.7% | Value: -442,338"
2025-10-14T16:22:05.157349,SOL/USDT,201317.56758433202,200346.24099810797,971.3265862240514,50.12091288354458,49.87908711645541,0.24182576708916761,⚪,⚪ Buy: 50.1% | Sell: 49.9% | Net: 0.2% | Value: 971
2025-10-14T16:22:07.509941,DOGE/USDT,49070964.72832403,50848809.15368725,-1777844.4253632203,49.11036406694506,50.88963593305493,-1.7792718661098654,⚪,"⚪ Buy: 49.1% | Sell: 50.9% | Net: -1.8% | Value: -1,777,844"
2025-10-14T16:22:09.203123,ADA/USDT,16920225.952,17030247.527999997,-110021.57599999756,49.83796753811871,50.16203246188129,-0.32406492376258184,⚪,"⚪ Buy: 49.8% | Sell: 50.2% | Net: -0.3% | Value: -110,022"
2025-10-14T16:22:12.370762,TRX/USDT,9798117.656,10511843.784,-713726.1280000005,48.24291609290224,51.757083907097766,-3.5141678141955177,⚪,"⚪ Buy: 48.2% | Sell: 51.8% | Net: -3.5% | Value: -713,726"
2025-10-14T16:22:13.811452,AVAX/USDT,315562.88553036394,328986.82955357595,-13423.94402321201,48.95865720602608,51.04134279397391,-2.0826855879478288,⚪,"⚪ Buy: 49.0% | Sell: 51.0% | Net: -2.1% | Value: -13,424"
2025-10-14T16:22:16.512785,DOT/USDT,454576.6519,473189.1392,-18612.48729999998,48.99691886257564,51.00308113742435,-2.0061622748487196,⚪,"⚪ Buy: 49.0% | Sell: 51.0% | Net: -2.0% | Value: -18,612"
2025-10-14T16:22:19.326978,LINK/USDT,488633.015570472,504942.428655708,-16309.413085235981,49.179256432915466,50.820743567084534,-1.6414871341690753,⚪,"⚪ Buy: 49.2% | Sell: 50.8% | Net: -1.6% | Value: -16,309"
2025-10-14T16:22:21.994327,SUI/USDT,2943087.07053592,3018370.9058038797,-75283.83526795963,49.368578663417985,50.63142133658201,-1.2628426731640268,⚪,"⚪ Buy: 49.4% | Sell: 50.6% | Net: -1.3% | Value: -75,284"
2025-10-14T16:22:23.591568,SHIB/USDT,170337507116.13004,168163404421.88812,2174102694.241913,50.321136903939724,49.67886309606027,0.6422738078794603,⚪,"⚪ Buy: 50.3% | Sell: 49.7% | Net: 0.6% | Value: 2,174,102,694"
2025-10-14T16:22:25.403187,LTC/USDT,53568.9014,52298.7786,1270.1228000000046,50.599863338839576,49.400136661160424,1.1997266776791602,⚪,"⚪ Buy: 50.6% | Sell: 49.4% | Net: 1.2% | Value: 1,270"
2025-10-14T16:22:28.795887,ATOM/USDT,95746.2488,88260.77519999999,7485.473600000012,52.03401844051345,47.96598155948655,4.068036881026896,⚪,"⚪ Buy: 52.0% | Sell: 48.0% | Net: 4.1% | Value: 7,485"
2025-10-14T16:22:30.134337,XLM/USDT,11732006.0180832,12498143.0171248,-766136.9990416002,48.41904191771921,51.58095808228078,-3.161916164561566,⚪,"⚪ Buy: 48.4% | Sell: 51.6% | Net: -3.2% | Value: -766,137"
2025-10-14T16:22:31.601228,UNI/USDT,384578.38282,365574.6963799999,19003.686440000078,51.266653898179456,48.733346101820544,2.533307796358917,⚪,"⚪ Buy: 51.3% | Sell: 48.7% | Net: 2.5% | Value: 19,004"
2025-10-14T16:22:33.719326,ICP/USDT,88603.90808,87833.16181999998,770.7462600000144,50.21841959301321,49.78158040698679,0.4368391860264137,⚪,⚪ Buy: 50.2% | Sell: 49.8% | Net: 0.4% | Value: 771
2025-10-14T16:22:37.448011,APT/USDT,150642.41344,160555.50106000004,-9913.087620000035,48.40726959306148,51.592730406938514,-3.1854608138770266,⚪,"⚪ Buy: 48.4% | Sell: 51.6% | Net: -3.2% | Value: -9,913"
2025-10-14T16:22:39.745994,NEAR/USDT,796020.1025600001,785142.95254,10877.150020000176,50.343960415243586,49.65603958475642,0.6879208304871666,⚪,"⚪ Buy: 50.3% | Sell: 49.7% | Net: 0.7% | Value: 10,877"
2025-10-14T16:22:40.285458,AAPL,0,12689038.0,-12689038.0,0.0,100.0,-100.0,🔴,"🔴 Buy: 0.0% | Sell: 100.0% | Net: -100.0% | Value: -12,689,038"
2025-10-14T16:22:40.562825,MSFT,0,5524119.0,-5524119.0,0.0,100.0,-100.0,🔴,"🔴 Buy: 0.0% | Sell: 100.0% | Net: -100.0% | Value: -5,524,119"
2025-10-14T16:22:40.714181,GOOG,0,0,0,0,0,0,⚪,⚪ Buy: 0.0% | Sell: 0.0% | Net: 0.0% | Value: 0
2025-10-14T16:22:40.865491,GC=F,340895.0,0,340895.0,100.0,0.0,100.0,🟢,"🟢 Buy: 100.0% | Sell: 0.0% | Net: 100.0% | Value: 340,895"
2025-10-14T16:22:40.972897,CL=F,0,173450.0,-173450.0,0.0,100.0,-100.0,🔴,"🔴 Buy: 0.0% | Sell: 100.0% | Net: -100.0% | Value: -173,450"
2025-10-14T16:22:41.153817,TSLA,0,39999566.0,-39999566.0,0.0,100.0,-100.0,🔴,"🔴 Buy: 0.0% | Sell: 100.0% | Net: -100.0% | Value: -39,999,566"
2025-10-14T16:22:41.379197,NVDA,0,105740719.0,-105740719.0,0.0,100.0,-100.0,🔴,"🔴 Buy: 0.0% | Sell: 100.0% | Net: -100.0% | Value: -105,740,719"
2025-10-14T16:46:52.209398,BTC/USDT,2856.44088645,2901.44962937,-45.008742919999804,49.609155967829395,50.39084403217061,-0.7816880643412158,⚪,⚪ Buy: 49.6% | Sell: 50.4% | Net: -0.8% | Value: -45
2025-10-14T16:46:53.500527,ETH/USDT,103853.14489875801,106024.71206319198,-2171.5671644339745,49.482659296252564,50.517340703747436,-1.03468140749487,⚪,"⚪ Buy: 49.5% | Sell: 50.5% | Net: -1.0% | Value: -2,172"
2025-10-14T16:46:54.770096,BNB/USDT,7738.582116961999,7912.954511307999,-174.37239434599996,49.44295439327329,50.55704560672672,-1.1140912134534215,⚪,⚪ Buy: 49.4% | Sell: 50.6% | Net: -1.1% | Value: -174
2025-10-14T16:46:56.093149,XRP/USDT,13188445.771402108,13468433.794222694,-279988.02282058634,49.47482971116086,50.525170288839135,-1.0503405776782777,⚪,"⚪ Buy: 49.5% | Sell: 50.5% | Net: -1.1% | Value: -279,988"
2025-10-14T16:46:57.563135,SOL/USDT,213060.57738433202,208174.914198108,4885.663186224032,50.5799206481712,49.420079351828804,1.159841296342395,⚪,"⚪ Buy: 50.6% | Sell: 49.4% | Net: 1.2% | Value: 4,886"
2025-10-14T16:46:59.001865,DOGE/USDT,53417872.73848403,53746747.82712725,-328875.0886432156,49.846556126962696,50.153443873037304,-0.306887746074613,⚪,"⚪ Buy: 49.8% | Sell: 50.2% | Net: -0.3% | Value: -328,875"
2025-10-14T16:47:00.299295,ADA/USDT,17848232.848,17648918.792,199314.05600000173,50.280746548372925,49.71925345162708,0.5614930967458371,⚪,"⚪ Buy: 50.3% | Sell: 49.7% | Net: 0.6% | Value: 199,314"
2025-10-14T16:47:01.685020,TRX/USDT,10182690.656,10768225.784,-585535.1280000005,48.602602588586336,51.39739741141367,-2.794794822827333,⚪,"⚪ Buy: 48.6% | Sell: 51.4% | Net: -2.8% | Value: -585,535"
2025-10-14T16:47:03.169790,AVAX/USDT,326521.8059103639,336292.77647357597,-9770.97056321206,49.26291825625887,50.73708174374113,-1.4741634874822593,⚪,"⚪ Buy: 49.3% | Sell: 50.7% | Net: -1.5% | Value: -9,771"
2025-10-14T16:47:04.510387,DOT/USDT,457961.28058,485339.63171999995,-27378.351139999926,48.54880077062341,51.451199229376584,-2.902398458753184,⚪,"⚪ Buy: 48.5% | Sell: 51.5% | Net: -2.9% | Value: -27,378"
2025-10-14T16:47:05.885106,LINK/USDT,511785.175970472,520377.202255708,-8592.026285236003,49.58378514531784,50.41621485468216,-0.832429709364316,⚪,"⚪ Buy: 49.6% | Sell: 50.4% | Net: -0.8% | Value: -8,592"
2025-10-14T16:47:07.102281,SUI/USDT,3101191.9305359204,3123774.1458038795,-22582.21526795905,49.818615756367,50.181384243633,-0.3627684872659917,⚪,"⚪ Buy: 49.8% | Sell: 50.2% | Net: -0.4% | Value: -22,582"
2025-10-14T16:47:08.491148,SHIB/USDT,178597009384.9417,173669739267.76257,4927270117.179138,50.6993663375871,49.3006336624129,1.398732675174198,⚪,"⚪ Buy: 50.7% | Sell: 49.3% | Net: 1.4% | Value: 4,927,270,117"
2025-10-14T16:47:09.747147,LTC/USDT,54743.8516,55814.583399999996,-1070.731799999994,49.51576204927286,50.48423795072714,-0.9684759014542799,⚪,"⚪ Buy: 49.5% | Sell: 50.5% | Net: -1.0% | Value: -1,071"
2025-10-14T16:47:11.016372,ATOM/USDT,103386.275473994,93354.12631599599,10032.149157998007,52.54959049252802,47.45040950747199,5.099180985056032,⚪,"⚪ Buy: 52.5% | Sell: 47.5% | Net: 5.1% | Value: 10,032"
2025-10-14T16:47:12.410765,XLM/USDT,12439675.8080832,12969922.877124801,-530247.0690416005,48.95660085857578,51.04339914142423,-2.08679828284844,⚪,"⚪ Buy: 49.0% | Sell: 51.0% | Net: -2.1% | Value: -530,247"
2025-10-14T16:47:14.236984,UNI/USDT,394256.13883999997,396413.8057599999,-2157.6669199999305,49.86355451255381,50.13644548744619,-0.2728909748923737,⚪,"⚪ Buy: 49.9% | Sell: 50.1% | Net: -0.3% | Value: -2,158"
2025-10-14T16:47:15.467644,ICP/USDT,90333.22709999999,96139.46539999999,-5806.238299999997,48.44313979109837,51.55686020890163,-3.113720417803265,⚪,"⚪ Buy: 48.4% | Sell: 51.6% | Net: -3.1% | Value: -5,806"
2025-10-14T16:47:17.159197,APT/USDT,161510.10525999998,167800.62894000002,-6290.523680000042,49.044895439670114,50.95510456032988,-1.9102091206597667,⚪,"⚪ Buy: 49.0% | Sell: 51.0% | Net: -1.9% | Value: -6,291"
2025-10-14T16:47:18.347323,NEAR/USDT,866663.0247200001,832238.23398,34424.790740000084,51.01314866192818,48.986851338071816,2.0262973238563577,⚪,"⚪ Buy: 51.0% | Sell: 49.0% | Net: 2.0% | Value: 34,425"
2025-10-14T16:47:18.745596,AAPL,13500309.0,0,13500309.0,100.0,0.0,100.0,🟢,"🟢 Buy: 100.0% | Sell: 0.0% | Net: 100.0% | Value: 13,500,309"
2025-10-14T16:47:18.972644,MSFT,0,5991405.0,-5991405.0,0.0,100.0,-100.0,🔴,"🔴 Buy: 0.0% | Sell: 100.0% | Net: -100.0% | Value: -5,991,405"
2025-10-14T16:47:19.117377,GOOG,7933478.0,0,7933478.0,100.0,0.0,100.0,🟢,"🟢 Buy: 100.0% | Sell: 0.0% | Net: 100.0% | Value: 7,933,478"
2025-10-14T16:47:19.302041,GC=F,346588.0,0,346588.0,100.0,0.0,100.0,🟢,"🟢 Buy: 100.0% | Sell: 0.0% | Net: 100.0% | Value: 346,588"
2025-10-14T16:47:19.557431,CL=F,0,181190.0,-181190.0,0.0,100.0,-100.0,🔴,"🔴 Buy: 0.0% | Sell: 100.0% | Net: -100.0% | Value: -181,190"
2025-10-14T16:47:19.717873,TSLA,0,43922641.0,-43922641.0,0.0,100.0,-100.0,🔴,"🔴 Buy: 0.0% | Sell: 100.0% | Net: -100.0% | Value: -43,922,641"
2025-10-14T16:47:19.924299,NVDA,0,115186191.0,-115186191.0,0.0,100.0,-100.0,🔴,"🔴 Buy: 0.0% | Sell: 100.0% | Net: -100.0% | Value: -115,186,191"
2025-10-14T17:15:38.026945,BTC/USDT,2858.72424446,2780.16512585,78.55911861000004,50.69658325825323,49.30341674174677,1.3931665165064449,⚪,⚪ Buy: 50.7% | Sell: 49.3% | Net: 1.4% | Value: 79
2025-10-14T17:15:41.830486,ETH/USDT,102938.118370234,100209.45423947598,2728.6641307580285,50.671596538345156,49.32840346165485,1.3431930766903017,⚪,"⚪ Buy: 50.7% | Sell: 49.3% | Net: 1.3% | Value: 2,729"
2025-10-14T17:15:45.407601,BNB/USDT,7873.1289569619985,7724.684471307999,148.44448565399944,50.475850305354186,49.52414969464581,0.9517006107083811,⚪,⚪ Buy: 50.5% | Sell: 49.5% | Net: 1.0% | Value: 148
2025-10-14T17:15:46.687602,XRP/USDT,13337388.864968197,12881117.010721833,456271.8542463649,50.87013321127011,49.1298667887299,1.7402664225402074,⚪,"⚪ Buy: 50.9% | Sell: 49.1% | Net: 1.7% | Value: 456,272"
2025-10-14T17:15:49.852596,SOL/USDT,215269.854759196,199874.40676796398,15395.44799123201,51.85422868843206,48.14577131156795,3.7084573768641134,⚪,"⚪ Buy: 51.9% | Sell: 48.1% | Net: 3.7% | Value: 15,395"
2025-10-14T17:15:51.614698,DOGE/USDT,50454284.482258946,53623233.541639626,-3168949.0593806803,48.47760154183682,51.52239845816319,-3.044796916326365,⚪,"⚪ Buy: 48.5% | Sell: 51.5% | Net: -3.0% | Value: -3,168,949"
2025-10-14T17:15:54.879325,ADA/USDT,18223057.354,17216386.386,1006670.9679999985,51.42026914331021,48.5797308566898,2.8405382866204056,⚪,"⚪ Buy: 51.4% | Sell: 48.6% | Net: 2.8% | Value: 1,006,671"
2025-10-14T17:15:56.529364,TRX/USDT,10786155.996000001,10949250.934,-163094.93799999915,49.62481738086328,50.37518261913673,-0.7503652382734532,⚪,"⚪ Buy: 49.6% | Sell: 50.4% | Net: -0.8% | Value: -163,095"
2025-10-14T17:15:58.091944,AVAX/USDT,321088.217770364,337313.67061357596,-16225.45284321194,48.76781543845222,51.232184561547776,-2.4643691230955644,⚪,"⚪ Buy: 48.8% | Sell: 51.2% | Net: -2.5% | Value: -16,225"
2025-10-14T17:15:59.378748,DOT/USDT,430949.37101999996,436560.67888,-5611.307860000059,49.67658542626412,50.32341457373588,-0.6468291474717657,⚪,"⚪ Buy: 49.7% | Sell: 50.3% | Net: -0.6% | Value: -5,611"
2025-10-14T17:16:00.669465,LINK/USDT,491823.21415047196,519545.68847570795,-27722.47432523599,48.62945784405422,51.37054215594578,-2.7410843118915547,⚪,"⚪ Buy: 48.6% | Sell: 51.4% | Net: -2.7% | Value: -27,722"
2025-10-14T17:16:01.993498,SUI/USDT,3122396.554204404,2954260.0282495357,168136.52595486818,51.383462465530414,48.61653753446957,2.7669249310608484,⚪,"⚪ Buy: 51.4% | Sell: 48.6% | Net: 2.8% | Value: 168,137"
2025-10-14T17:16:06.256127,SHIB/USDT,170072967573.99277,175021891532.51047,-4948923958.5177,49.282961796166546,50.717038203833454,-1.4340764076669026,⚪,"⚪ Buy: 49.3% | Sell: 50.7% | Net: -1.4% | Value: -4,948,923,959"
2025-10-14T17:16:07.526616,LTC/USDT,53313.70159999999,52221.9704,1091.7311999999947,50.51723326308094,49.48276673691906,1.034466526161879,⚪,"⚪ Buy: 50.5% | Sell: 49.5% | Net: 1.0% | Value: 1,092"
2025-10-14T17:16:09.735366,ATOM/USDT,86288.18857599601,80328.277113994,5959.911462002012,51.78851214894065,48.211487851059346,3.577024297881305,⚪,"⚪ Buy: 51.8% | Sell: 48.2% | Net: 3.6% | Value: 5,960"
2025-10-14T17:16:10.991492,XLM/USDT,12007412.3780832,12775498.2871248,-768085.9090416003,48.45037187234046,51.54962812765955,-3.099256255319088,⚪,"⚪ Buy: 48.5% | Sell: 51.5% | Net: -3.1% | Value: -768,086"
2025-10-14T17:16:12.322314,UNI/USDT,390011.88395999995,377810.80484000006,12201.079119999893,50.79452452356341,49.2054754764366,1.5890490471268153,⚪,"⚪ Buy: 50.8% | Sell: 49.2% | Net: 1.6% | Value: 12,201"
2025-10-14T17:16:13.578127,ICP/USDT,94117.37724,98432.66855999999,-4315.291319999989,48.87943643376688,51.12056356623312,-2.241127132466249,⚪,"⚪ Buy: 48.9% | Sell: 51.1% | Net: -2.2% | Value: -4,315"
2025-10-14T17:16:16.309502,APT/USDT,150588.5779,164882.65990000003,-14294.082000000024,47.73448728643496,52.265512713565045,-4.531025427130087,⚪,"⚪ Buy: 47.7% | Sell: 52.3% | Net: -4.5% | Value: -14,294"
2025-10-14T17:16:17.524692,NEAR/USDT,830808.28038,843860.7933199998,-13052.512939999811,49.610295754994695,50.389704245005305,-0.7794084900106084,⚪,"⚪ Buy: 49.6% | Sell: 50.4% | Net: -0.8% | Value: -13,053"
2025-10-14T17:16:18.038589,AAPL,0,14539317.0,-14539317.0,0.0,100.0,-100.0,🔴,"🔴 Buy: 0.0% | Sell: 100.0% | Net: -100.0% | Value: -14,539,317"
2025-10-14T17:16:18.231597,MSFT,0,6383668.0,-6383668.0,0.0,100.0,-100.0,🔴,"🔴 Buy: 0.0% | Sell: 100.0% | Net: -100.0% | Value: -6,383,668"
2025-10-14T17:16:18.392665,GOOG,8311389.0,0,8311389.0,100.0,0.0,100.0,🟢,"🟢 Buy: 100.0% | Sell: 0.0% | Net: 100.0% | Value: 8,311,389"
2025-10-14T17:16:18.527632,GC=F,360763.0,0,360763.0,100.0,0.0,100.0,🟢,"🟢 Buy: 100.0% | Sell: 0.0% | Net: 100.0% | Value: 360,763"
2025-10-14T17:16:18.642322,CL=F,0,187220.0,-187220.0,0.0,100.0,-100.0,🔴,"🔴 Buy: 0.0% | Sell: 100.0% | Net: -100.0% | Value: -187,220"
2025-10-14T17:16:18.776982,TSLA,0,49150563.0,-49150563.0,0.0,100.0,-100.0,🔴,"🔴 Buy: 0.0% | Sell: 100.0% | Net: -100.0% | Value: -49,150,563"
2025-10-14T17:16:18.972222,NVDA,0,124912137.0,-124912137.0,0.0,100.0,-100.0,🔴,"🔴 Buy: 0.0% | Sell: 100.0% | Net: -100.0% | Value: -124,912,137"
2025-10-14T17:37:59.693475,BTC/USDT,2961.613353014,2848.757864886,112.85548812800016,50.97115557591507,49.02884442408494,1.9423111518301357,⚪,⚪ Buy: 51.0% | Sell: 49.0% | Net: 1.9% | Value: 113
2025-10-14T17:38:01.605872,ETH/USDT,105884.344026298,102173.60467685197,3710.7393494460266,50.8917562084447,49.1082437915553,1.7835124168893848,⚪,"⚪ Buy: 50.9% | Sell: 49.1% | Net: 1.8% | Value: 3,711"
2025-10-14T17:38:02.922476,BNB/USDT,7890.752347729999,8001.50380746,-110.75145973000053,49.651555264877125,50.34844473512287,-0.6968894702457459,⚪,⚪ Buy: 49.7% | Sell: 50.3% | Net: -0.7% | Value: -111
2025-10-14T17:38:04.463006,XRP/USDT,13786401.04129965,13180458.461609468,605942.5796901826,51.123494894955826,48.87650510504419,2.2469897899116322,⚪,"⚪ Buy: 51.1% | Sell: 48.9% | Net: 2.2% | Value: 605,943"
2025-10-14T17:38:06.659025,SOL/USDT,215235.43656222,207861.11896494,7374.317597280024,50.871469821834395,49.128530178165605,1.7429396436687938,⚪,"⚪ Buy: 50.9% | Sell: 49.1% | Net: 1.7% | Value: 7,374"
2025-10-14T17:38:07.891043,DOGE/USDT,52578082.14947895,55039098.65311963,-2461016.5036406815,48.85658754239488,51.14341245760512,-2.2868249152102456,⚪,"⚪ Buy: 48.9% | Sell: 51.1% | Net: -2.3% | Value: -2,461,017"
2025-10-14T17:38:12.345574,ADA/USDT,18682061.242,17522388.978,1159672.2639999986,51.601560384086945,48.398439615913055,3.2031207681738927,⚪,"⚪ Buy: 51.6% | Sell: 48.4% | Net: 3.2% | Value: 1,159,672"
2025-10-14T17:38:13.915236,TRX/USDT,10976375.652,11076064.038,-99688.38599999994,49.77397424638417,50.22602575361583,-0.4520515072316696,⚪,"⚪ Buy: 49.8% | Sell: 50.2% | Net: -0.5% | Value: -99,688"
2025-10-14T17:38:15.325573,AVAX/USDT,326703.761110364,341057.366173576,-14353.605063211988,48.92524403737052,51.07475596262948,-2.1495119252589654,⚪,"⚪ Buy: 48.9% | Sell: 51.1% | Net: -2.1% | Value: -14,354"
2025-10-14T17:38:16.597949,DOT/USDT,438712.57301999995,441736.1468800001,-3023.5738600001205,49.828293585324104,50.17170641467589,-0.34341282935178025,⚪,"⚪ Buy: 49.8% | Sell: 50.2% | Net: -0.3% | Value: -3,024"
2025-10-14T17:38:17.880871,LINK/USDT,500991.877810472,525658.1309157079,-24666.253105235926,48.79870194829879,51.201298051701215,-2.402596103402432,⚪,"⚪ Buy: 48.8% | Sell: 51.2% | Net: -2.4% | Value: -24,666"
2025-10-14T17:38:19.829009,SUI/USDT,3238009.92387114,3031335.6080273595,206674.31584378053,51.64829259124593,48.35170740875408,3.296585182491846,⚪,"⚪ Buy: 51.6% | Sell: 48.4% | Net: 3.3% | Value: 206,674"
2025-10-14T17:38:21.087310,SHIB/USDT,174598608953.99988,178038985785.84854,-3440376831.8486633,49.51219369642271,50.4878063035773,-0.9756126071545875,⚪,"⚪ Buy: 49.5% | Sell: 50.5% | Net: -1.0% | Value: -3,440,376,832"
2025-10-14T17:38:22.552822,LTC/USDT,54454.931599999996,52982.7904,1472.1411999999982,50.68511374431412,49.31488625568588,1.3702274886282477,⚪,"⚪ Buy: 50.7% | Sell: 49.3% | Net: 1.4% | Value: 1,472"
2025-10-14T17:38:23.730171,ATOM/USDT,87765.63325599601,81313.240233994,6452.393022002012,51.90810149394094,48.09189850605906,3.8162029878818733,⚪,"⚪ Buy: 51.9% | Sell: 48.1% | Net: 3.8% | Value: 6,452"
2025-10-14T17:38:24.950292,XLM/USDT,12384890.4740832,13027150.351124799,-642259.8770415988,48.736307954447135,51.26369204555286,-2.5273840911057244,⚪,"⚪ Buy: 48.7% | Sell: 51.3% | Net: -2.5% | Value: -642,260"
2025-10-14T17:38:26.254400,UNI/USDT,405439.6923,388096.0104,17343.681899999967,51.09281043316566,48.90718956683435,2.1856208663313073,⚪,"⚪ Buy: 51.1% | Sell: 48.9% | Net: 2.2% | Value: 17,344"
2025-10-14T17:38:27.494342,ICP/USDT,98075.5974,101071.48199999999,-2995.8845999999903,49.24782110563054,50.75217889436946,-1.5043577887389246,⚪,"⚪ Buy: 49.2% | Sell: 50.8% | Net: -1.5% | Value: -2,996"
2025-10-14T17:38:29.218108,APT/USDT,155190.81508,167950.81802000004,-12760.002940000035,48.025633091968174,51.97436690803182,-3.9487338160636516,⚪,"⚪ Buy: 48.0% | Sell: 52.0% | Net: -3.9% | Value: -12,760"
2025-10-14T17:38:32.259080,NEAR/USDT,861508.63944,864327.6993599999,-2819.059919999796,49.91832771576823,50.08167228423177,-0.1633445684635387,⚪,"⚪ Buy: 49.9% | Sell: 50.1% | Net: -0.2% | Value: -2,819"
2025-10-14T17:38:32.651698,AAPL,0,15364224.0,-15364224.0,0.0,100.0,-100.0,🔴,"🔴 Buy: 0.0% | Sell: 100.0% | Net: -100.0% | Value: -15,364,224"
2025-10-14T17:38:32.911799,MSFT,6770861.0,0,6770861.0,100.0,0.0,100.0,🟢,"🟢 Buy: 100.0% | Sell: 0.0% | Net: 100.0% | Value: 6,770,861"
2025-10-14T17:38:33.016228,GOOG,8642360.0,0,8642360.0,100.0,0.0,100.0,🟢,"🟢 Buy: 100.0% | Sell: 0.0% | Net: 100.0% | Value: 8,642,360"
2025-10-14T17:38:33.140988,GC=F,366444.0,0,366444.0,100.0,0.0,100.0,🟢,"🟢 Buy: 100.0% | Sell: 0.0% | Net: 100.0% | Value: 366,444"
2025-10-14T17:38:33.235249,CL=F,0,191074.0,-191074.0,0.0,100.0,-100.0,🔴,"🔴 Buy: 0.0% | Sell: 100.0% | Net: -100.0% | Value: -191,074"
2025-10-14T17:38:33.339593,TSLA,0,51068352.0,-51068352.0,0.0,100.0,-100.0,🔴,"🔴 Buy: 0.0% | Sell: 100.0% | Net: -100.0% | Value: -51,068,352"
2025-10-14T17:38:33.524610,NVDA,0,130607144.0,-130607144.0,0.0,100.0,-100.0,🔴,"🔴 Buy: 0.0% | Sell: 100.0% | Net: -100.0% | Value: -130,607,144"
2025-10-14T18:25:47.536636,BTC/USDT,2978.015775196,2713.473038414,264.54273678200025,52.32402052824388,47.67597947175612,4.648041056487749,⚪,⚪ Buy: 52.3% | Sell: 47.7% | Net: 4.6% | Value: 265
2025-10-14T18:25:49.714011,ETH/USDT,102771.112367414,91682.404840126,11088.707527288003,52.85124889653012,47.14875110346988,5.7024977930602505,⚪,"⚪ Buy: 52.9% | Sell: 47.1% | Net: 5.7% | Value: 11,089"
2025-10-14T18:25:51.312426,BNB/USDT,7470.242273113999,6676.391482075999,793.8507910379994,52.805793960512894,47.1942060394871,5.611587921025793,⚪,⚪ Buy: 52.8% | Sell: 47.2% | Net: 5.6% | Value: 794
2025-10-14T18:25:52.647585,XRP/USDT,12660496.402799655,11015772.541109467,1644723.8616901878,53.47335947565611,46.52664052434388,6.946718951312233,⚪,"⚪ Buy: 53.5% | Sell: 46.5% | Net: 6.9% | Value: 1,644,724"
2025-10-14T18:25:54.704188,SOL/USDT,204153.532573676,186964.37798806396,17189.154585612036,52.19743894634284,47.802561053657165,4.394877892685674,⚪,"⚪ Buy: 52.2% | Sell: 47.8% | Net: 4.4% | Value: 17,189"
2025-10-14T18:25:56.928107,DOGE/USDT,48072003.26314626,47207183.6957706,864819.56737566,50.453834460063426,49.54616553993657,0.9076689201268676,⚪,"⚪ Buy: 50.5% | Sell: 49.5% | Net: 0.9% | Value: 864,820"
2025-10-14T18:26:00.005130,ADA/USDT,17494226.194,14976276.916000001,2517949.277999997,53.87728713267849,46.12271286732151,7.754574265356978,⚪,"⚪ Buy: 53.9% | Sell: 46.1% | Net: 7.8% | Value: 2,517,949"
2025-10-14T18:26:01.278917,TRX/USDT,10340403.161999999,9868754.188000001,471648.9739999976,51.16691895122484,48.83308104877515,2.333837902449691,⚪,"⚪ Buy: 51.2% | Sell: 48.8% | Net: 2.3% | Value: 471,649"
2025-10-14T18:26:02.471053,AVAX/USDT,319047.35023036395,315643.93995357596,3403.410276787996,50.26811540739763,49.731884592602356,0.5362308147952768,⚪,"⚪ Buy: 50.3% | Sell: 49.7% | Net: 0.5% | Value: 3,403"
2025-10-14T18:26:05.550155,DOT/USDT,380850.50753999996,344329.0620600001,36521.44547999988,52.51809669018562,47.48190330981438,5.036193380371244,⚪,"⚪ Buy: 52.5% | Sell: 47.5% | Net: 5.0% | Value: 36,521"
2025-10-14T18:26:06.806543,LINK/USDT,491973.72906000004,488231.64954,3742.0795200000284,50.190882421260774,49.809117578739226,0.38176484252154747,⚪,"⚪ Buy: 50.2% | Sell: 49.8% | Net: 0.4% | Value: 3,742"
2025-10-14T18:26:08.111664,SUI/USDT,3019382.4038711395,2572472.0280273603,446910.3758437792,53.99608377942027,46.003916220579725,7.992167558840546,⚪,"⚪ Buy: 54.0% | Sell: 46.0% | Net: 8.0% | Value: 446,910"
2025-10-14T18:26:09.330172,SHIB/USDT,166801186685.04843,158301901540.2687,8499285144.779724,51.307167703508426,48.692832296491574,2.6143354070168594,⚪,"⚪ Buy: 51.3% | Sell: 48.7% | Net: 2.6% | Value: 8,499,285,145"
2025-10-14T18:26:10.558424,LTC/USDT,51534.07319999999,46335.677800000005,5198.395399999987,52.65577226205469,47.34422773794531,5.311544524109382,⚪,"⚪ Buy: 52.7% | Sell: 47.3% | Net: 5.3% | Value: 5,198"
2025-10-14T18:26:11.939066,ATOM/USDT,83240.61511599601,73071.67167399402,10168.943442001997,53.252765233888574,46.747234766111426,6.505530467777149,⚪,"⚪ Buy: 53.3% | Sell: 46.7% | Net: 6.5% | Value: 10,169"
2025-10-14T18:26:13.715656,XLM/USDT,11271330.9600832,11086725.485124798,184605.47495840117,50.412838824812,49.587161175188,0.8256776496240024,⚪,"⚪ Buy: 50.4% | Sell: 49.6% | Net: 0.8% | Value: 184,605"
2025-10-14T18:26:16.010397,UNI/USDT,408212.05656,366161.21554000006,42050.841019999934,52.715153178386664,47.284846821613336,5.43030635677333,⚪,"⚪ Buy: 52.7% | Sell: 47.3% | Net: 5.4% | Value: 42,051"
2025-10-14T18:26:17.192570,ICP/USDT,89562.43730000002,83694.6334,5867.8039000000135,51.6933807885279,48.30661921147209,3.3867615770558057,⚪,"⚪ Buy: 51.7% | Sell: 48.3% | Net: 3.4% | Value: 5,868"
2025-10-14T18:26:18.533620,APT/USDT,138515.46766,136774.29524,1741.172419999988,50.31624358306278,49.68375641693722,0.6324871661255618,⚪,"⚪ Buy: 50.3% | Sell: 49.7% | Net: 0.6% | Value: 1,741"
2025-10-14T18:26:19.739688,NEAR/USDT,819483.85956,765155.6906399999,54328.168920000084,51.71421219775637,48.28578780224363,3.428424395512736,⚪,"⚪ Buy: 51.7% | Sell: 48.3% | Net: 3.4% | Value: 54,328"
2025-10-14T18:26:20.084301,AAPL,0,16985481.0,-16985481.0,0.0,100.0,-100.0,🔴,"🔴 Buy: 0.0% | Sell: 100.0% | Net: -100.0% | Value: -16,985,481"
2025-10-14T18:26:20.292223,MSFT,7569228.0,0,7569228.0,100.0,0.0,100.0,🟢,"🟢 Buy: 100.0% | Sell: 0.0% | Net: 100.0% | Value: 7,569,228"
2025-10-14T18:26:20.406761,GOOG,9145639.0,0,9145639.0,100.0,0.0,100.0,🟢,"🟢 Buy: 100.0% | Sell: 0.0% | Net: 100.0% | Value: 9,145,639"
2025-10-14T18:26:20.524194,GC=F,375764.0,0,375764.0,100.0,0.0,100.0,🟢,"🟢 Buy: 100.0% | Sell: 0.0% | Net: 100.0% | Value: 375,764"
2025-10-14T18:26:20.921516,CL=F,0,203248.0,-203248.0,0.0,100.0,-100.0,🔴,"🔴 Buy: 0.0% | Sell: 100.0% | Net: -100.0% | Value: -203,248"
2025-10-14T18:26:21.026003,TSLA,0,55045615.0,-55045615.0,0.0,100.0,-100.0,🔴,"🔴 Buy: 0.0% | Sell: 100.0% | Net: -100.0% | Value: -55,045,615"
2025-10-14T18:26:21.180711,NVDA,0,144630415.0,-144630415.0,0.0,100.0,-100.0,🔴,"🔴 Buy: 0.0% | Sell: 100.0% | Net: -100.0% | Value: -144,630,415"
2025-10-14T18:48:30.875108,BTC/USDT,3038.519359678,2753.808761402,284.7105982759999,52.457652539052944,47.54234746094706,4.9153050781058765,⚪,⚪ Buy: 52.5% | Sell: 47.5% | Net: 4.9% | Value: 285
2025-10-14T18:48:32.212561,ETH/USDT,106129.180661234,93921.11703600599,12208.06362522801,53.05124855242753,46.94875144757247,6.102497104855065,⚪,"⚪ Buy: 53.1% | Sell: 46.9% | Net: 6.1% | Value: 12,208"
2025-10-14T18:48:33.566847,BNB/USDT,7439.886913113998,6872.337742075999,567.5491710379993,51.98274267177672,48.01725732822329,3.9654853435534267,⚪,⚪ Buy: 52.0% | Sell: 48.0% | Net: 4.0% | Value: 568
2025-10-14T18:48:34.996104,XRP/USDT,12885316.291199654,11165652.466709467,1719663.8244901877,53.57504066010789,46.424959339892126,7.150081320215758,⚪,"⚪ Buy: 53.6% | Sell: 46.4% | Net: 7.2% | Value: 1,719,664"
2025-10-14T18:48:36.998394,SOL/USDT,207865.361773676,189438.93078806397,18426.430985612038,52.318931777303746,47.681068222696254,4.6378635546074864,⚪,"⚪ Buy: 52.3% | Sell: 47.7% | Net: 4.6% | Value: 18,426"
2025-10-14T18:48:38.353782,DOGE/USDT,48761228.93326626,47666667.4758506,1094561.4574156627,50.56755435832165,49.43244564167834,1.1351087166433058,⚪,"⚪ Buy: 50.6% | Sell: 49.4% | Net: 1.1% | Value: 1,094,561"
2025-10-14T18:48:39.853852,ADA/USDT,17908484.476,15252449.104,2656035.3719999995,54.0047656764433,45.99523432355671,8.009531352886597,⚪,"⚪ Buy: 54.0% | Sell: 46.0% | Net: 8.0% | Value: 2,656,035"
2025-10-14T18:48:41.206629,TRX/USDT,10505170.265999999,9978598.924,526571.3419999983,51.28533800863434,48.71466199136567,2.570676017268667,⚪,"⚪ Buy: 51.3% | Sell: 48.7% | Net: 2.6% | Value: 526,571"
2025-10-14T18:48:42.692550,AVAX/USDT,320632.92007036397,327722.841213576,-7089.921143212006,49.45323836336614,50.54676163663386,-1.0935232732677234,⚪,"⚪ Buy: 49.5% | Sell: 50.5% | Net: -1.1% | Value: -7,090"
2025-10-14T18:48:44.005628,DOT/USDT,387554.98932,348798.71658000007,38756.27273999993,52.631634256028526,47.368365743971474,5.263268512057056,⚪,"⚪ Buy: 52.6% | Sell: 47.4% | Net: 5.3% | Value: 38,756"
2025-10-14T18:48:45.368943,LINK/USDT,508323.89196000004,499131.75814,9192.133820000046,50.45620538328846,49.54379461671154,0.9124107665769343,⚪,"⚪ Buy: 50.5% | Sell: 49.5% | Net: 0.9% | Value: 9,192"
2025-10-14T18:48:46.715299,SUI/USDT,3068972.4638711396,2605532.0680273604,463440.3958437792,54.08353181532068,45.9164681846793,8.167063630641378,⚪,"⚪ Buy: 54.1% | Sell: 45.9% | Net: 8.2% | Value: 463,440"
2025-10-14T18:48:48.018298,SHIB/USDT,171185792481.33713,161224972071.12784,9960820410.20929,51.498269832449594,48.5017301675504,2.9965396648991964,⚪,"⚪ Buy: 51.5% | Sell: 48.5% | Net: 3.0% | Value: 9,960,820,410"
2025-10-14T18:48:49.418309,LTC/USDT,53070.914999778,47360.238999852,5710.675999925996,52.84307994705858,47.15692005294142,5.686159894117153,⚪,"⚪ Buy: 52.8% | Sell: 47.2% | Net: 5.7% | Value: 5,711"
2025-10-14T18:48:50.701775,ATOM/USDT,83820.497775996,73458.26011399401,10362.237662001993,53.29422669692304,46.70577330307697,6.588453393846072,⚪,"⚪ Buy: 53.3% | Sell: 46.7% | Net: 6.6% | Value: 10,362"
2025-10-14T18:48:52.063206,XLM/USDT,11393513.388083199,11168180.437124798,225332.95095840096,50.49937064278976,49.50062935721024,0.9987412855795352,⚪,"⚪ Buy: 50.5% | Sell: 49.5% | Net: 1.0% | Value: 225,333"
2025-10-14T18:48:53.501205,UNI/USDT,421606.10418,375090.58062,46515.52356,52.91927432656991,47.08072567343009,5.838548653139821,⚪,"⚪ Buy: 52.9% | Sell: 47.1% | Net: 5.8% | Value: 46,516"
2025-10-14T18:48:54.913516,ICP/USDT,90971.65454000002,84634.11156,6337.542980000013,51.804480319966,48.19551968003402,3.6089606399319782,⚪,"⚪ Buy: 51.8% | Sell: 48.2% | Net: 3.6% | Value: 6,338"
2025-10-14T18:48:56.367476,APT/USDT,139766.54908,137608.34952,2158.199560000008,50.38904017106327,49.61095982893674,0.7780803421265347,⚪,"⚪ Buy: 50.4% | Sell: 49.6% | Net: 0.8% | Value: 2,158"
2025-10-14T18:48:57.909091,NEAR/USDT,832657.0551,773937.8209999999,58719.23410000012,51.827443712584866,48.172556287415134,3.654887425169731,⚪,"⚪ Buy: 51.8% | Sell: 48.2% | Net: 3.7% | Value: 58,719"
2025-10-14T18:48:58.930572,AAPL,0,17749502.0,-17749502.0,0.0,100.0,-100.0,🔴,"🔴 Buy: 0.0% | Sell: 100.0% | Net: -100.0% | Value: -17,749,502"
2025-10-14T18:48:59.307895,MSFT,7904858.0,0,7904858.0,100.0,0.0,100.0,🟢,"🟢 Buy: 100.0% | Sell: 0.0% | Net: 100.0% | Value: 7,904,858"
2025-10-14T18:48:59.545333,GOOG,9403416.0,0,9403416.0,100.0,0.0,100.0,🟢,"🟢 Buy: 100.0% | Sell: 0.0% | Net: 100.0% | Value: 9,403,416"
2025-10-14T18:48:59.913468,GC=F,378904.0,0,378904.0,100.0,0.0,100.0,🟢,"🟢 Buy: 100.0% | Sell: 0.0% | Net: 100.0% | Value: 378,904"
2025-10-14T18:49:00.233130,CL=F,0,219992.0,-219992.0,0.0,100.0,-100.0,🔴,"🔴 Buy: 0.0% | Sell: 100.0% | Net: -100.0% | Value: -219,992"
2025-10-14T18:49:00.591080,TSLA,0,57101034.0,-57101034.0,0.0,100.0,-100.0,🔴,"🔴 Buy: 0.0% | Sell: 100.0% | Net: -100.0% | Value: -57,101,034"
2025-10-14T18:49:00.937750,NVDA,0,150176480.0,-150176480.0,0.0,100.0,-100.0,🔴,"🔴 Buy: 0.0% | Sell: 100.0% | Net: -100.0% | Value: -150,176,480"
2025-10-14T19:14:21.211617,BTC/USDT,2934.93639634,2536.26573784,398.6706585000002,53.64335523275042,46.35664476724957,7.286710465500855,⚪,⚪ Buy: 53.6% | Sell: 46.4% | Net: 7.3% | Value: 399
2025-10-14T19:14:22.805646,ETH/USDT,101132.06766461399,84040.82186172601,17091.245802887977,54.61494278309483,45.385057216905174,9.229885566189658,⚪,"⚪ Buy: 54.6% | Sell: 45.4% | Net: 9.2% | Value: 17,091"
2025-10-14T19:14:24.580846,BNB/USDT,6941.0200731139985,6094.884082076,846.1359910379988,53.24540584590416,46.75459415409585,6.49081169180832,⚪,⚪ Buy: 53.2% | Sell: 46.8% | Net: 6.5% | Value: 846
2025-10-14T19:14:26.984211,XRP/USDT,11779803.93433111,9969378.30695665,1810425.627374459,54.16205447931192,45.83794552068808,8.324108958623837,⚪,"⚪ Buy: 54.2% | Sell: 45.8% | Net: 8.3% | Value: 1,810,426"
2025-10-14T19:14:29.529937,SOL/USDT,195338.063385612,176321.53320002797,19016.530185584037,52.558326269560226,47.44167373043977,5.1166525391204685,⚪,"⚪ Buy: 52.6% | Sell: 47.4% | Net: 5.1% | Value: 19,017"
2025-10-14T19:14:30.776961,DOGE/USDT,44639071.88320626,41178482.842910595,3460589.040295668,52.01624775451828,47.98375224548171,4.0324955090365755,⚪,"⚪ Buy: 52.0% | Sell: 48.0% | Net: 4.0% | Value: 3,460,589"
2025-10-14T19:14:31.997870,ADA/USDT,17117733.746466562,13847293.17097771,3270440.5754888523,55.28086183197605,44.71913816802394,10.56172366395211,⚪,"⚪ Buy: 55.3% | Sell: 44.7% | Net: 10.6% | Value: 3,270,441"
2025-10-14T19:14:33.265975,TRX/USDT,9655524.370000001,8578529.99,1076994.3800000008,52.95324988819438,47.046750111805636,5.9064997763887375,⚪,"⚪ Buy: 53.0% | Sell: 47.0% | Net: 5.9% | Value: 1,076,994"
2025-10-14T19:14:35.666575,AVAX/USDT,245831.82629036403,212805.51839357597,33026.30789678806,53.600481761853416,46.399518238146584,7.200963523706824,⚪,"⚪ Buy: 53.6% | Sell: 46.4% | Net: 7.2% | Value: 33,026"
2025-10-14T19:14:37.795669,DOT/USDT,354595.74087999994,292732.72262,61863.018259999924,54.77833292896751,45.221667071032485,9.55666585793503,⚪,"⚪ Buy: 54.8% | Sell: 45.2% | Net: 9.6% | Value: 61,863"
2025-10-14T19:14:39.094586,LINK/USDT,468376.1045337679,466084.96070065204,2291.1438331158715,50.122591722563705,49.87740827743631,0.24518344512739146,⚪,"⚪ Buy: 50.1% | Sell: 49.9% | Net: 0.2% | Value: 2,291"
2025-10-14T19:14:40.320857,SUI/USDT,2904410.6438711397,2333086.88802736,571323.7558437795,55.454167303795224,44.545832696204776,10.908334607590445,⚪,"⚪ Buy: 55.5% | Sell: 44.5% | Net: 10.9% | Value: 571,324"
2025-10-14T19:14:41.593657,SHIB/USDT,160112227507.54053,141204546877.275,18907680630.265533,53.1375088009734,46.86249119902659,6.27501760194681,⚪,"⚪ Buy: 53.1% | Sell: 46.9% | Net: 6.3% | Value: 18,907,680,630"
2025-10-14T19:14:44.958007,LTC/USDT,49113.800399778,44722.16259985201,4391.637799925993,52.3400611341002,47.65993886589979,4.680122268200422,⚪,"⚪ Buy: 52.3% | Sell: 47.7% | Net: 4.7% | Value: 4,392"
2025-10-14T19:14:46.205826,ATOM/USDT,82208.308935996,69862.83225399401,12345.476682001987,54.05911226331174,45.94088773668826,8.118224526623477,⚪,"⚪ Buy: 54.1% | Sell: 45.9% | Net: 8.1% | Value: 12,345"
2025-10-14T19:14:47.447292,XLM/USDT,9311709.959999999,8303444.809999999,1008265.1500000004,52.861925322725966,47.13807467727405,5.723850645451925,⚪,"⚪ Buy: 52.9% | Sell: 47.1% | Net: 5.7% | Value: 1,008,265"
2025-10-14T19:14:49.427638,UNI/USDT,410401.02366,345495.62163999997,64905.40202000004,54.293272263051286,45.70672773694872,8.58654452610256,⚪,"⚪ Buy: 54.3% | Sell: 45.7% | Net: 8.6% | Value: 64,905"
2025-10-14T19:14:51.045299,ICP/USDT,86818.05994000002,80289.70756,6528.352380000026,51.953336005162065,48.046663994837935,3.9066720103241313,⚪,"⚪ Buy: 52.0% | Sell: 48.0% | Net: 3.9% | Value: 6,528"
2025-10-14T19:14:52.318972,APT/USDT,133553.18600000002,126486.85560000001,7066.330400000006,51.358700444078075,48.64129955592193,2.717400888156144,⚪,"⚪ Buy: 51.4% | Sell: 48.6% | Net: 2.7% | Value: 7,066"
2025-10-14T19:14:54.053032,NEAR/USDT,784276.53616,685592.9996399999,98683.53652000008,53.35688080188321,46.64311919811679,6.713761603766417,⚪,"⚪ Buy: 53.4% | Sell: 46.6% | Net: 6.7% | Value: 98,684"
2025-10-14T19:14:54.533363,AAPL,19981354.0,0,19981354.0,100.0,0.0,100.0,🟢,"🟢 Buy: 100.0% | Sell: 0.0% | Net: 100.0% | Value: 19,981,354"
2025-10-14T19:14:54.708642,MSFT,8370838.0,0,8370838.0,100.0,0.0,100.0,🟢,"🟢 Buy: 100.0% | Sell: 0.0% | Net: 100.0% | Value: 8,370,838"
2025-10-14T19:14:54.817823,GOOG,9724883.0,0,9724883.0,100.0,0.0,100.0,🟢,"🟢 Buy: 100.0% | Sell: 0.0% | Net: 100.0% | Value: 9,724,883"
2025-10-14T19:14:54.952212,GC=F,381515.0,0,381515.0,100.0,0.0,100.0,🟢,"🟢 Buy: 100.0% | Sell: 0.0% | Net: 100.0% | Value: 381,515"
2025-10-14T19:14:55.107376,CL=F,0,222756.0,-222756.0,0.0,100.0,-100.0,🔴,"🔴 Buy: 0.0% | Sell: 100.0% | Net: -100.0% | Value: -222,756"
2025-10-14T19:14:55.249737,TSLA,0,59742967.0,-59742967.0,0.0,100.0,-100.0,🔴,"🔴 Buy: 0.0% | Sell: 100.0% | Net: -100.0% | Value: -59,742,967"
2025-10-14T19:14:55.391660,NVDA,0,155535406.0,-155535406.0,0.0,100.0,-100.0,🔴,"🔴 Buy: 0.0% | Sell: 100.0% | Net: -100.0% | Value: -155,535,406"
2025-10-14T19:37:09.157775,BTC/USDT,3003.230582044,2581.795194976,421.4353870680002,53.7729045835565,46.22709541644349,7.545809167113017,⚪,⚪ Buy: 53.8% | Sell: 46.2% | Net: 7.5% | Value: 421
2025-10-14T19:37:10.488180,ETH/USDT,102340.082749394,86820.01532304601,15520.067426347989,54.10236291493264,45.89763708506736,8.204725829865284,⚪,"⚪ Buy: 54.1% | Sell: 45.9% | Net: 8.2% | Value: 15,520"
2025-10-14T19:37:11.762114,BNB/USDT,7005.624233113998,6220.943722075999,784.6805110379992,52.96630431150545,47.03369568849455,5.932608623010907,⚪,⚪ Buy: 53.0% | Sell: 47.0% | Net: 5.9% | Value: 785
2025-10-14T19:37:14.267437,XRP/USDT,12100146.37705111,10449891.971036652,1650254.4060144573,53.65909445594003,46.34090554405997,7.318188911880048,⚪,"⚪ Buy: 53.7% | Sell: 46.3% | Net: 7.3% | Value: 1,650,254"
2025-10-14T19:37:15.907232,SOL/USDT,197779.631333156,181677.411121344,16102.220211812004,52.12174481038164,47.878255189618365,4.243489620763276,⚪,"⚪ Buy: 52.1% | Sell: 47.9% | Net: 4.2% | Value: 16,102"
2025-10-14T19:37:17.197768,DOGE/USDT,45295439.24354626,42345236.1538706,2950203.089675665,51.68312434625682,48.31687565374318,3.3662486925136363,⚪,"⚪ Buy: 51.7% | Sell: 48.3% | Net: 3.4% | Value: 2,950,203"
2025-10-14T19:37:18.501595,ADA/USDT,17286732.09846656,14211190.188977709,3075541.909488851,54.8821345760873,45.1178654239127,9.764269152174606,⚪,"⚪ Buy: 54.9% | Sell: 45.1% | Net: 9.8% | Value: 3,075,542"
2025-10-14T19:37:20.683739,TRX/USDT,9731432.040000001,8777828.610000001,953603.4299999997,52.576017076079154,47.423982923920846,5.152034152158312,⚪,"⚪ Buy: 52.6% | Sell: 47.4% | Net: 5.2% | Value: 953,603"
2025-10-14T19:37:21.945354,AVAX/USDT,249402.67635036402,220877.475633576,28525.200716788037,53.032788072859404,46.96721192714059,6.065576145718811,⚪,"⚪ Buy: 53.0% | Sell: 47.0% | Net: 6.1% | Value: 28,525"
2025-10-14T19:37:24.765971,DOT/USDT,371057.74616,320603.01884000003,50454.72731999995,53.647360806999075,46.352639193000925,7.294721613998149,⚪,"⚪ Buy: 53.6% | Sell: 46.4% | Net: 7.3% | Value: 50,455"
2025-10-14T19:37:26.029538,LINK/USDT,475934.4782937679,479650.304440652,-3715.826146884123,49.805573183352124,50.194426816647876,-0.38885363329575334,⚪,"⚪ Buy: 49.8% | Sell: 50.2% | Net: -0.4% | Value: -3,716"
2025-10-14T19:37:29.199109,SUI/USDT,2965680.5238711396,2424991.70802736,540688.8158437796,55.01504072761403,44.98495927238597,10.030081455228053,⚪,"⚪ Buy: 55.0% | Sell: 45.0% | Net: 10.0% | Value: 540,689"
2025-10-14T19:37:31.139054,SHIB/USDT,163590581325.46844,148311837775.99878,15278743549.469666,52.44928263036319,47.550717369636814,4.898565260726377,⚪,"⚪ Buy: 52.4% | Sell: 47.6% | Net: 4.9% | Value: 15,278,743,549"
2025-10-14T19:37:33.129291,LTC/USDT,50650.529399778,45746.64859985201,4903.880799925995,52.543581099409785,47.45641890059021,5.087162198819572,⚪,"⚪ Buy: 52.5% | Sell: 47.5% | Net: 5.1% | Value: 4,904"
2025-10-14T19:37:34.436436,ATOM/USDT,85341.450435996,71951.59325399401,13389.857182001986,54.25634117945869,45.74365882054131,8.51268235891738,⚪,"⚪ Buy: 54.3% | Sell: 45.7% | Net: 8.5% | Value: 13,390"
2025-10-14T19:37:36.476174,XLM/USDT,9730004.389999999,8978900.989999998,751103.4000000004,52.00734191750988,47.99265808249013,4.014683835019752,⚪,"⚪ Buy: 52.0% | Sell: 48.0% | Net: 4.0% | Value: 751,103"
2025-10-14T19:37:38.385262,UNI/USDT,419427.94106,366460.71374,52967.227320000005,53.36989387723632,46.63010612276369,6.739787754472622,⚪,"⚪ Buy: 53.4% | Sell: 46.6% | Net: 6.7% | Value: 52,967"
2025-10-14T19:37:40.518584,ICP/USDT,88313.73110000002,83633.6697,4680.0614000000205,51.36089914073305,48.639100859266954,2.7217982814660964,⚪,"⚪ Buy: 51.4% | Sell: 48.6% | Net: 2.7% | Value: 4,680"
2025-10-14T19:37:42.011701,APT/USDT,135748.58724,130651.62946000001,5096.957779999982,50.95663544180593,49.04336455819408,1.9132708836118533,⚪,"⚪ Buy: 51.0% | Sell: 49.0% | Net: 1.9% | Value: 5,097"
2025-10-14T19:37:44.010358,NEAR/USDT,798060.38842,714964.36868,83096.01974000002,52.74602313511608,47.25397686488391,5.492046270232177,⚪,"⚪ Buy: 52.7% | Sell: 47.3% | Net: 5.5% | Value: 83,096"
2025-10-14T19:37:44.452769,AAPL,22005802.0,0,22005802.0,100.0,0.0,100.0,🟢,"🟢 Buy: 100.0% | Sell: 0.0% | Net: 100.0% | Value: 22,005,802"
2025-10-14T19:37:44.682847,MSFT,0,9113746.0,-9113746.0,0.0,100.0,-100.0,🔴,"🔴 Buy: 0.0% | Sell: 100.0% | Net: -100.0% | Value: -9,113,746"
2025-10-14T19:37:44.800867,GOOG,0,0,0,0,0,0,⚪,⚪ Buy: 0.0% | Sell: 0.0% | Net: 0.0% | Value: 0
2025-10-14T19:37:44.920026,GC=F,383273.0,0,383273.0,100.0,0.0,100.0,🟢,"🟢 Buy: 100.0% | Sell: 0.0% | Net: 100.0% | Value: 383,273"
2025-10-14T19:37:45.057115,CL=F,0,224566.0,-224566.0,0.0,100.0,-100.0,🔴,"🔴 Buy: 0.0% | Sell: 100.0% | Net: -100.0% | Value: -224,566"
2025-10-14T19:37:45.204732,TSLA,0,62387969.0,-62387969.0,0.0,100.0,-100.0,🔴,"🔴 Buy: 0.0% | Sell: 100.0% | Net: -100.0% | Value: -62,387,969"
2025-10-14T19:37:45.364996,NVDA,0,0,0,0,0,0,⚪,⚪ Buy: 0.0% | Sell: 0.0% | Net: 0.0% | Value: 0
2025-10-14T20:19:15.739125,BTC/USDT,3023.002756228,2780.242468992,242.7602872360003,52.09159080664902,47.90840919335097,4.183181613298054,⚪,⚪ Buy: 52.1% | Sell: 47.9% | Net: 4.2% | Value: 243
2025-10-14T20:19:17.171825,ETH/USDT,99656.00402534798,88515.60512518202,11140.398900165965,52.96016996146694,47.03983003853305,5.920339922933898,⚪,"⚪ Buy: 53.0% | Sell: 47.0% | Net: 5.9% | Value: 11,140"
2025-10-14T20:19:18.388276,BNB/USDT,7018.262053113999,6490.301402076001,527.9606510379981,51.95417022982986,48.04582977017014,3.9083404596597227,⚪,⚪ Buy: 52.0% | Sell: 48.0% | Net: 3.9% | Value: 528
2025-10-14T20:19:20.206245,XRP/USDT,11540128.37813844,10496734.366558062,1043394.0115803778,52.36738328787632,47.63261671212368,4.734766575752649,⚪,"⚪ Buy: 52.4% | Sell: 47.6% | Net: 4.7% | Value: 1,043,394"
2025-10-14T20:19:21.448620,SOL/USDT,194754.021842084,187658.02512729596,7095.9967147880525,50.927794609378005,49.07220539062198,1.8555892187560277,⚪,"⚪ Buy: 50.9% | Sell: 49.1% | Net: 1.9% | Value: 7,096"
2025-10-14T20:19:22.840580,DOGE/USDT,45541361.23014625,45187564.31107059,353796.9190756604,50.19497471008566,49.805025289914326,0.3899494201713383,⚪,"⚪ Buy: 50.2% | Sell: 49.8% | Net: 0.4% | Value: 353,797"
2025-10-14T20:19:24.235514,ADA/USDT,17254227.30046656,14831220.526977709,2423006.7734888513,53.77586559882192,46.22413440117807,7.551731197643854,⚪,"⚪ Buy: 53.8% | Sell: 46.2% | Net: 7.6% | Value: 2,423,007"
2025-10-14T20:19:25.697041,TRX/USDT,9599425.894000001,9031349.596,568076.2980000004,51.52456428425353,48.47543571574647,3.0491285685070557,⚪,"⚪ Buy: 51.5% | Sell: 48.5% | Net: 3.0% | Value: 568,076"
2025-10-14T20:19:26.958043,AVAX/USDT,239619.52065036402,222571.21873357595,17048.30191678807,51.844292892963615,48.15570710703637,3.68858578592725,⚪,"⚪ Buy: 51.8% | Sell: 48.2% | Net: 3.7% | Value: 17,048"
2025-10-14T20:19:28.321095,DOT/USDT,359129.21876,327515.99114,31613.22762000002,52.30200598243481,47.6979940175652,4.604011964869606,⚪,"⚪ Buy: 52.3% | Sell: 47.7% | Net: 4.6% | Value: 31,613"
2025-10-14T20:19:29.744584,LINK/USDT,451635.55579376797,477861.202040652,-26225.64624688402,48.58925563613661,51.410744363863394,-2.821488727726777,⚪,"⚪ Buy: 48.6% | Sell: 51.4% | Net: -2.8% | Value: -26,226"
2025-10-14T20:19:31.003073,SUI/USDT,2960133.12387114,2543889.4080273593,416243.7158437809,53.78126827635102,46.21873172364898,7.562536552702051,⚪,"⚪ Buy: 53.8% | Sell: 46.2% | Net: 7.6% | Value: 416,244"
2025-10-14T20:19:32.250449,SHIB/USDT,157958648618.18103,150073314019.2683,7885334598.91272,51.279953958575675,48.72004604142433,2.559907917151339,⚪,"⚪ Buy: 51.3% | Sell: 48.7% | Net: 2.6% | Value: 7,885,334,599"
2025-10-14T20:19:33.671539,LTC/USDT,51895.257999778005,48186.492999852,3708.764999926003,51.852867762045705,48.147132237954295,3.7057355240914136,⚪,"⚪ Buy: 51.9% | Sell: 48.1% | Net: 3.7% | Value: 3,709"
2025-10-14T20:19:34.917409,ATOM/USDT,84770.86963599602,71781.35735399401,12989.512282002004,54.148619451715795,45.85138054828419,8.297238903431603,⚪,"⚪ Buy: 54.1% | Sell: 45.9% | Net: 8.3% | Value: 12,990"
2025-10-14T20:19:36.172060,XLM/USDT,8301514.892000001,8294149.027999999,7365.864000001922,50.022192134148746,49.97780786585126,0.04438426829748624,⚪,"⚪ Buy: 50.0% | Sell: 50.0% | Net: 0.0% | Value: 7,366"
2025-10-14T20:19:37.472191,UNI/USDT,405689.72864,365520.6365600001,40169.092079999915,52.604288913413576,47.39571108658642,5.2085778268271525,⚪,"⚪ Buy: 52.6% | Sell: 47.4% | Net: 5.2% | Value: 40,169"
2025-10-14T20:19:38.950406,ICP/USDT,90113.35346,91026.69513999998,-913.3416799999832,49.747890737840955,50.25210926215904,-0.5042185243180857,⚪,⚪ Buy: 49.7% | Sell: 50.3% | Net: -0.5% | Value: -913
2025-10-14T20:19:40.638979,APT/USDT,134169.70935999998,134956.23164,-786.5222800000338,49.85387468092494,50.14612531907506,-0.2922506381501268,⚪,⚪ Buy: 49.9% | Sell: 50.1% | Net: -0.3% | Value: -787
2025-10-14T20:19:42.014432,NEAR/USDT,862485.1976800001,802595.09862,59890.09906000015,51.79841474291309,48.20158525708692,3.5968294858261696,⚪,"⚪ Buy: 51.8% | Sell: 48.2% | Net: 3.6% | Value: 59,890"
2025-10-14T20:19:42.776825,AAPL,33149195.0,0,33149195.0,100.0,0.0,100.0,🟢,"🟢 Buy: 100.0% | Sell: 0.0% | Net: 100.0% | Value: 33,149,195"
2025-10-14T20:19:43.481496,MSFT,0,14368234.0,-14368234.0,0.0,100.0,-100.0,🔴,"🔴 Buy: 0.0% | Sell: 100.0% | Net: -100.0% | Value: -14,368,234"
2025-10-14T20:19:43.689193,GOOG,16534097.0,0,16534097.0,100.0,0.0,100.0,🟢,"🟢 Buy: 100.0% | Sell: 0.0% | Net: 100.0% | Value: 16,534,097"
2025-10-14T20:19:43.793487,GC=F,394067.0,0,394067.0,100.0,0.0,100.0,🟢,"🟢 Buy: 100.0% | Sell: 0.0% | Net: 100.0% | Value: 394,067"
2025-10-14T20:19:43.978961,CL=F,0,231518.0,-231518.0,0.0,100.0,-100.0,🔴,"🔴 Buy: 0.0% | Sell: 100.0% | Net: -100.0% | Value: -231,518"
2025-10-14T20:19:44.107831,TSLA,0,71541278.0,-71541278.0,0.0,100.0,-100.0,🔴,"🔴 Buy: 0.0% | Sell: 100.0% | Net: -100.0% | Value: -71,541,278"
2025-10-14T20:19:44.262587,NVDA,0,201606600.0,-201606600.0,0.0,100.0,-100.0,🔴,"🔴 Buy: 0.0% | Sell: 100.0% | Net: -100.0% | Value: -201,606,600"
2025-10-14T20:40:40.457174,BTC/USDT,3055.718754934,2802.0531347959995,253.66562013800058,52.165205686676984,47.834794313323,4.330411373353985,⚪,⚪ Buy: 52.2% | Sell: 47.8% | Net: 4.3% | Value: 254
2025-10-14T20:40:41.956598,ETH/USDT,101634.50598224798,89834.60642978201,11799.89955246597,53.08141073090506,46.91858926909493,6.162821461810141,⚪,"⚪ Buy: 53.1% | Sell: 46.9% | Net: 6.2% | Value: 11,800"
2025-10-14T20:40:43.166995,BNB/USDT,7153.6372931139995,6580.551562076001,573.0857310379988,52.08634720652409,47.91365279347591,4.172694413048179,⚪,⚪ Buy: 52.1% | Sell: 47.9% | Net: 4.2% | Value: 573
2025-10-14T20:40:44.516897,XRP/USDT,11553957.121214606,10752161.233881896,801795.8873327095,51.7972555210385,48.2027444789615,3.5945110420770052,⚪,"⚪ Buy: 51.8% | Sell: 48.2% | Net: 3.6% | Value: 801,796"
2025-10-14T20:40:45.926943,SOL/USDT,197458.91004208403,189461.28392729597,7997.626114788058,51.03349815277682,48.966501847223185,2.066996305553639,⚪,"⚪ Buy: 51.0% | Sell: 49.0% | Net: 2.1% | Value: 7,998"
2025-10-14T20:40:47.305392,DOGE/USDT,45996954.13458625,45491292.9140306,505661.22055565566,50.27635310374181,49.72364689625818,0.5527062074836206,⚪,"⚪ Buy: 50.3% | Sell: 49.7% | Net: 0.6% | Value: 505,661"
2025-10-14T20:40:48.599353,ADA/USDT,17227347.21446656,15222971.142977707,2004376.0714888535,53.088376590655294,46.911623409344706,6.176753181310591,⚪,"⚪ Buy: 53.1% | Sell: 46.9% | Net: 6.2% | Value: 2,004,376"
2025-10-14T20:40:49.881763,TRX/USDT,9790992.07,9159060.38,631931.6899999995,51.667361321736074,48.33263867826392,3.334722643472152,⚪,"⚪ Buy: 51.7% | Sell: 48.3% | Net: 3.3% | Value: 631,932"
2025-10-14T20:40:51.153405,AVAX/USDT,245800.219290364,226691.68449357597,19108.534796788037,52.02210182267228,47.97789817732772,4.044203645344565,⚪,"⚪ Buy: 52.0% | Sell: 48.0% | Net: 4.0% | Value: 19,109"
2025-10-14T20:40:52.380286,DOT/USDT,362026.85854000004,338000.10616,24026.75238000002,51.716130491508764,48.28386950849123,3.432260983017533,⚪,"⚪ Buy: 51.7% | Sell: 48.3% | Net: 3.4% | Value: 24,027"
2025-10-14T20:40:53.662897,LINK/USDT,460582.05487376795,483825.534760652,-23243.479886884044,48.76941480871191,51.2305851912881,-2.461170382576192,⚪,"⚪ Buy: 48.8% | Sell: 51.2% | Net: -2.5% | Value: -23,243"
2025-10-14T20:40:54.963293,SUI/USDT,3001848.90387114,2571699.9280273593,430148.9758437807,53.858842802111596,46.1411571978884,7.717685604223198,⚪,"⚪ Buy: 53.9% | Sell: 46.1% | Net: 7.7% | Value: 430,149"
2025-10-14T20:40:56.284142,SHIB/USDT,161225797325.49664,152251413157.4787,8974384168.017944,51.43142529471139,48.56857470528861,2.862850589422779,⚪,"⚪ Buy: 51.4% | Sell: 48.6% | Net: 2.9% | Value: 8,974,384,168"
2025-10-14T20:40:57.610264,LTC/USDT,52513.711199778,49114.17279985201,3399.538399925994,51.67254215385335,48.32745784614665,3.345084307706702,⚪,"⚪ Buy: 51.7% | Sell: 48.3% | Net: 3.3% | Value: 3,400"
2025-10-14T20:40:58.870247,ATOM/USDT,84795.25371599602,71817.93347399401,12977.32024200201,54.14311223558046,45.85688776441955,8.286224471160919,⚪,"⚪ Buy: 54.1% | Sell: 45.9% | Net: 8.3% | Value: 12,977"
2025-10-14T20:41:00.146111,XLM/USDT,8370193.028000001,8397166.231999999,-26973.203999998048,49.919566332474474,50.080433667525526,-0.16086733505105352,⚪,"⚪ Buy: 49.9% | Sell: 50.1% | Net: -0.2% | Value: -26,973"
2025-10-14T20:41:01.392899,UNI/USDT,418881.86894,374315.39676000003,44566.47217999998,52.8092931044505,47.1907068955495,5.618586208900994,⚪,"⚪ Buy: 52.8% | Sell: 47.2% | Net: 5.6% | Value: 44,566"
2025-10-14T20:41:02.707884,ICP/USDT,91149.43994,92580.82486,-1431.3849199999968,49.61046566782066,50.38953433217933,-0.7790686643586642,⚪,"⚪ Buy: 49.6% | Sell: 50.4% | Net: -0.8% | Value: -1,431"
2025-10-14T20:41:04.172624,APT/USDT,134732.3306,137553.9963,-2821.6657000000123,49.48185688717372,50.51814311282629,-1.0362862256525642,⚪,"⚪ Buy: 49.5% | Sell: 50.5% | Net: -1.0% | Value: -2,822"
2025-10-14T20:41:05.389202,NEAR/USDT,892875.07894,822855.01946,70020.05948000005,52.04053246910155,47.95946753089845,4.081064938203107,⚪,"⚪ Buy: 52.0% | Sell: 48.0% | Net: 4.1% | Value: 70,020"
2025-10-14T20:41:05.780670,AAPL,33149195.0,0,33149195.0,100.0,0.0,100.0,🟢,"🟢 Buy: 100.0% | Sell: 0.0% | Net: 100.0% | Value: 33,149,195"
2025-10-14T20:41:05.937434,MSFT,0,14368234.0,-14368234.0,0.0,100.0,-100.0,🔴,"🔴 Buy: 0.0% | Sell: 100.0% | Net: -100.0% | Value: -14,368,234"
2025-10-14T20:41:06.072685,GOOG,16534097.0,0,16534097.0,100.0,0.0,100.0,🟢,"🟢 Buy: 100.0% | Sell: 0.0% | Net: 100.0% | Value: 16,534,097"
2025-10-14T20:41:06.173716,GC=F,395024.0,0,395024.0,100.0,0.0,100.0,🟢,"🟢 Buy: 100.0% | Sell: 0.0% | Net: 100.0% | Value: 395,024"
2025-10-14T20:41:06.348688,CL=F,0,233267.0,-233267.0,0.0,100.0,-100.0,🔴,"🔴 Buy: 0.0% | Sell: 100.0% | Net: -100.0% | Value: -233,267"
2025-10-14T20:41:06.436218,TSLA,0,71541278.0,-71541278.0,0.0,100.0,-100.0,🔴,"🔴 Buy: 0.0% | Sell: 100.0% | Net: -100.0% | Value: -71,541,278"
2025-10-14T20:41:06.636808,NVDA,0,201606600.0,-201606600.0,0.0,100.0,-100.0,🔴,"🔴 Buy: 0.0% | Sell: 100.0% | Net: -100.0% | Value: -201,606,600"
2025-10-14T21:15:22.703257,BTC/USDT,2978.479403278,2662.605670332,315.873732946,52.799760408008325,47.200239591991675,5.599520816016648,⚪,⚪ Buy: 52.8% | Sell: 47.2% | Net: 5.6% | Value: 316
2025-10-14T21:15:23.911871,ETH/USDT,98891.09813242799,84377.84450320202,14513.253629225961,53.95955076198611,46.04044923801388,7.919101523972226,⚪,"⚪ Buy: 54.0% | Sell: 46.0% | Net: 7.9% | Value: 14,513"
2025-10-14T21:15:25.324032,BNB/USDT,6879.662909299999,6418.9830062,460.67990309999914,51.73205567704853,48.26794432295147,3.4641113540970507,⚪,⚪ Buy: 51.7% | Sell: 48.3% | Net: 3.5% | Value: 461
2025-10-14T21:15:26.570819,XRP/USDT,11317446.007378437,9860638.235518062,1456807.7718603741,53.43942293163041,46.560577068369604,6.878845863260804,⚪,"⚪ Buy: 53.4% | Sell: 46.6% | Net: 6.9% | Value: 1,456,808"
2025-10-14T21:15:27.815203,SOL/USDT,191203.03486542002,178353.96416230002,12849.07070312,51.73844234271371,48.26155765728628,3.476884685427431,⚪,"⚪ Buy: 51.7% | Sell: 48.3% | Net: 3.5% | Value: 12,849"
2025-10-14T21:15:29.173947,DOGE/USDT,44601050.94486625,42993221.2159506,1607829.7289156467,50.91777104213149,49.08222895786851,1.8355420842629822,⚪,"⚪ Buy: 50.9% | Sell: 49.1% | Net: 1.8% | Value: 1,607,830"
2025-10-14T21:15:30.436086,ADA/USDT,17298342.662466556,14543758.894977707,2754583.7674888484,54.32537997298872,45.67462002701127,8.650759945977445,⚪,"⚪ Buy: 54.3% | Sell: 45.7% | Net: 8.7% | Value: 2,754,584"
2025-10-14T21:15:31.731161,TRX/USDT,9332311.01,8418952.370000001,913358.6399999987,52.57265812705213,47.427341872947856,5.145316254104268,⚪,"⚪ Buy: 52.6% | Sell: 47.4% | Net: 5.1% | Value: 913,359"
2025-10-14T21:15:33.170166,AVAX/USDT,227949.54677036405,217612.80401357598,10336.742756788066,51.15996591033793,48.84003408966206,2.31993182067587,⚪,"⚪ Buy: 51.2% | Sell: 48.8% | Net: 2.3% | Value: 10,337"
2025-10-14T21:15:34.390622,DOT/USDT,329954.16762,310609.60468,19344.562940000033,51.50996386125159,48.490036138748394,3.019927722503209,⚪,"⚪ Buy: 51.5% | Sell: 48.5% | Net: 3.0% | Value: 19,345"
2025-10-14T21:15:35.668860,LINK/USDT,431719.945593768,436159.892240652,-4439.9466468840255,49.74420729383674,50.25579270616327,-0.5115854123265287,⚪,"⚪ Buy: 49.7% | Sell: 50.3% | Net: -0.5% | Value: -4,440"
2025-10-14T21:15:37.041929,SUI/USDT,2909075.20387114,2533783.62802736,375291.57584377984,53.44755933815829,46.552440661841715,6.895118676316579,⚪,"⚪ Buy: 53.4% | Sell: 46.6% | Net: 6.9% | Value: 375,292"
2025-10-14T21:15:38.498856,SHIB/USDT,145472491282.79843,143236783458.6215,2235707824.176941,50.38719016321511,49.61280983678489,0.7743803264302244,⚪,"⚪ Buy: 50.4% | Sell: 49.6% | Net: 0.8% | Value: 2,235,707,824"
2025-10-14T21:15:39.757668,LTC/USDT,51293.127999778,47283.297999851995,4009.8299999260053,52.033868624908884,47.96613137509111,4.067737249817777,⚪,"⚪ Buy: 52.0% | Sell: 48.0% | Net: 4.1% | Value: 4,010"
2025-10-14T21:15:41.018986,ATOM/USDT,84622.68203599601,73530.52155399401,11092.160482002,53.50677704599593,46.493222954004054,7.0135540919918835,⚪,"⚪ Buy: 53.5% | Sell: 46.5% | Net: 7.0% | Value: 11,092"
2025-10-14T21:15:42.243826,XLM/USDT,7655428.022000001,7948231.948,-292803.92599999905,49.06174600522265,50.93825399477735,-1.8765079895547032,⚪,"⚪ Buy: 49.1% | Sell: 50.9% | Net: -1.9% | Value: -292,804"
2025-10-14T21:15:43.593553,UNI/USDT,411324.39252,375482.1921800001,35842.20033999992,52.277700837599504,47.7222991624005,4.55540167519901,⚪,"⚪ Buy: 52.3% | Sell: 47.7% | Net: 4.6% | Value: 35,842"
2025-10-14T21:15:44.843528,ICP/USDT,82182.62256,88187.09044,-6004.4678799999965,48.23781240976793,51.76218759023208,-3.5243751804641454,⚪,"⚪ Buy: 48.2% | Sell: 51.8% | Net: -3.5% | Value: -6,004"
2025-10-14T21:15:46.071651,APT/USDT,132769.29218000002,134646.09862,-1876.8064399999857,49.64908406461099,50.350915935389004,-0.7018318707780171,⚪,"⚪ Buy: 49.6% | Sell: 50.4% | Net: -0.7% | Value: -1,877"
2025-10-14T21:15:47.290987,NEAR/USDT,820861.1612000001,782722.5724,38138.58880000014,51.189167363103024,48.81083263689698,2.3783347262060395,⚪,"⚪ Buy: 51.2% | Sell: 48.8% | Net: 2.4% | Value: 38,139"
2025-10-14T21:15:47.730763,AAPL,35410253.0,0,35410253.0,100.0,0.0,100.0,🟢,"🟢 Buy: 100.0% | Sell: 0.0% | Net: 100.0% | Value: 35,410,253"
2025-10-14T21:15:47.903523,MSFT,0,14368234.0,-14368234.0,0.0,100.0,-100.0,🔴,"🔴 Buy: 0.0% | Sell: 100.0% | Net: -100.0% | Value: -14,368,234"
2025-10-14T21:15:48.151554,GOOG,17274792.0,0,17274792.0,100.0,0.0,100.0,🟢,"🟢 Buy: 100.0% | Sell: 0.0% | Net: 100.0% | Value: 17,274,792"
2025-10-14T21:15:48.352292,GC=F,396022.0,0,396022.0,100.0,0.0,100.0,🟢,"🟢 Buy: 100.0% | Sell: 0.0% | Net: 100.0% | Value: 396,022"
2025-10-14T21:15:48.572049,CL=F,0,234465.0,-234465.0,0.0,100.0,-100.0,🔴,"🔴 Buy: 0.0% | Sell: 100.0% | Net: -100.0% | Value: -234,465"
2025-10-14T21:15:48.718953,TSLA,0,71541278.0,-71541278.0,0.0,100.0,-100.0,🔴,"🔴 Buy: 0.0% | Sell: 100.0% | Net: -100.0% | Value: -71,541,278"
2025-10-14T21:15:48.936993,NVDA,0,201606600.0,-201606600.0,0.0,100.0,-100.0,🔴,"🔴 Buy: 0.0% | Sell: 100.0% | Net: -100.0% | Value: -201,606,600"
2025-10-14T21:37:02.703717,BTC/USDT,3001.315837962,2666.685418068,334.6304198939997,52.951926126851134,47.04807387314887,5.903852253702262,⚪,⚪ Buy: 53.0% | Sell: 47.0% | Net: 5.9% | Value: 335
2025-10-14T21:37:03.905037,ETH/USDT,99990.18581834799,86026.47603208202,13963.709786265972,53.75334920199077,46.246650798009235,7.506698403981542,⚪,"⚪ Buy: 53.8% | Sell: 46.2% | Net: 7.5% | Value: 13,964"
2025-10-14T21:37:05.042440,BNB/USDT,7034.0105293,6500.8003862000005,533.2101430999992,51.969773151723054,48.03022684827695,3.9395463034460976,⚪,⚪ Buy: 52.0% | Sell: 48.0% | Net: 3.9% | Value: 533
2025-10-14T21:37:06.509635,XRP/USDT,11442657.436578436,10048455.379318062,1394202.0572603736,53.24367116119998,46.75632883880002,6.487342322399953,⚪,"⚪ Buy: 53.2% | Sell: 46.8% | Net: 6.5% | Value: 1,394,202"
2025-10-14T21:37:08.300735,SOL/USDT,193034.84074438002,181101.67298074003,11933.167763639998,51.59476118019416,48.40523881980584,3.1895223603883145,⚪,"⚪ Buy: 51.6% | Sell: 48.4% | Net: 3.2% | Value: 11,933"
2025-10-14T21:37:09.384867,DOGE/USDT,45251931.51998625,43969542.0786306,1282389.441355653,50.71865515645078,49.28134484354923,1.4373103129015496,⚪,"⚪ Buy: 50.7% | Sell: 49.3% | Net: 1.4% | Value: 1,282,389"
2025-10-14T21:37:10.616454,ADA/USDT,17592900.95446656,14620212.612977708,2972688.3414888512,54.614096577881185,45.385903422118815,9.228193155762371,⚪,"⚪ Buy: 54.6% | Sell: 45.4% | Net: 9.2% | Value: 2,972,688"
2025-10-14T21:37:11.790778,TRX/USDT,9464915.583999999,8474481.836000001,990433.7479999978,52.7604989309613,47.239501069038695,5.520997861922599,⚪,"⚪ Buy: 52.8% | Sell: 47.2% | Net: 5.5% | Value: 990,434"
2025-10-14T21:37:12.969948,AVAX/USDT,232967.08505036405,225139.11143357598,7827.9736167880765,50.85438416647378,49.14561583352622,1.7087683329475558,⚪,"⚪ Buy: 50.9% | Sell: 49.1% | Net: 1.7% | Value: 7,828"
2025-10-14T21:37:14.093346,DOT/USDT,337599.83890000003,322078.1116,15521.727300000028,51.176462491147035,48.823537508852965,2.352924982294073,⚪,"⚪ Buy: 51.2% | Sell: 48.8% | Net: 2.4% | Value: 15,522"
2025-10-14T21:37:15.427672,LINK/USDT,445014.596753768,456101.86898065195,-11087.272226883972,49.38480359373704,50.61519640626296,-1.2303928125259282,⚪,"⚪ Buy: 49.4% | Sell: 50.6% | Net: -1.2% | Value: -11,087"
2025-10-14T21:37:16.493784,SUI/USDT,3048526.02387114,2602818.00802736,445708.01584378025,53.943380665979824,46.05661933402017,7.886761331959648,⚪,"⚪ Buy: 53.9% | Sell: 46.1% | Net: 7.9% | Value: 445,708"
2025-10-14T21:37:17.601491,SHIB/USDT,152140766455.18015,146194725910.60107,5946040544.579071,50.99653589611939,49.0034641038806,1.993071792238782,⚪,"⚪ Buy: 51.0% | Sell: 49.0% | Net: 2.0% | Value: 5,946,040,545"
2025-10-14T21:37:18.754358,LTC/USDT,52866.648399778,49643.578599852,3223.069799926001,51.572072316227356,48.42792768377265,3.1441446324547053,⚪,"⚪ Buy: 51.6% | Sell: 48.4% | Net: 3.1% | Value: 3,223"
2025-10-14T21:37:19.860454,ATOM/USDT,84709.46407599602,73660.69461399401,11048.769462002005,53.48827378636085,46.51172621363915,6.9765475727217,⚪,"⚪ Buy: 53.5% | Sell: 46.5% | Net: 7.0% | Value: 11,049"
2025-10-14T21:37:21.034712,XLM/USDT,7899443.658000001,8040877.492,-141433.83399999887,49.55636454037189,50.44363545962811,-0.8872709192562213,⚪,"⚪ Buy: 49.6% | Sell: 50.4% | Net: -0.9% | Value: -141,434"
2025-10-14T21:37:22.185868,UNI/USDT,420950.04296,389920.66784000007,31029.375119999924,51.91333678148188,48.08666321851812,3.8266735629637596,⚪,"⚪ Buy: 51.9% | Sell: 48.1% | Net: 3.8% | Value: 31,029"
2025-10-14T21:37:23.241428,ICP/USDT,83273.25404000001,89823.03766,-6549.783619999987,48.10805201091435,51.891947989085665,-3.7838959781713153,⚪,"⚪ Buy: 48.1% | Sell: 51.9% | Net: -3.8% | Value: -6,550"
2025-10-14T21:37:24.444206,APT/USDT,133813.20338000002,136211.96542,-2398.7620399999723,49.55582621230085,50.44417378769916,-0.888347575398302,⚪,"⚪ Buy: 49.6% | Sell: 50.4% | Net: -0.9% | Value: -2,399"
2025-10-14T21:37:25.508995,NEAR/USDT,831106.5338000001,798090.6313,33015.902500000084,51.01325681161413,48.98674318838587,2.0265136232282583,⚪,"⚪ Buy: 51.0% | Sell: 49.0% | Net: 2.0% | Value: 33,016"
2025-10-14T21:37:25.918811,AAPL,35410253.0,0,35410253.0,100.0,0.0,100.0,🟢,"🟢 Buy: 100.0% | Sell: 0.0% | Net: 100.0% | Value: 35,410,253"
2025-10-14T21:37:26.093909,MSFT,0,14368234.0,-14368234.0,0.0,100.0,-100.0,🔴,"🔴 Buy: 0.0% | Sell: 100.0% | Net: -100.0% | Value: -14,368,234"
2025-10-14T21:37:26.219038,GOOG,17274792.0,0,17274792.0,100.0,0.0,100.0,🟢,"🟢 Buy: 100.0% | Sell: 0.0% | Net: 100.0% | Value: 17,274,792"
2025-10-14T21:37:26.339853,GC=F,396022.0,0,396022.0,100.0,0.0,100.0,🟢,"🟢 Buy: 100.0% | Sell: 0.0% | Net: 100.0% | Value: 396,022"
2025-10-14T21:37:26.445450,CL=F,0,234465.0,-234465.0,0.0,100.0,-100.0,🔴,"🔴 Buy: 0.0% | Sell: 100.0% | Net: -100.0% | Value: -234,465"
2025-10-14T21:37:26.549624,TSLA,0,71541278.0,-71541278.0,0.0,100.0,-100.0,🔴,"🔴 Buy: 0.0% | Sell: 100.0% | Net: -100.0% | Value: -71,541,278"
2025-10-14T21:37:26.744374,NVDA,0,201606600.0,-201606600.0,0.0,100.0,-100.0,🔴,"🔴 Buy: 0.0% | Sell: 100.0% | Net: -100.0% | Value: -201,606,600"
2025-10-14T22:16:22.193445,BTC/USDT,2888.3261865619997,2442.2904880779997,446.035698484,54.1837157472416,45.81628425275841,8.367431494483194,⚪,⚪ Buy: 54.2% | Sell: 45.8% | Net: 8.4% | Value: 446
2025-10-14T22:16:23.715284,ETH/USDT,93634.98680905599,74911.09294399401,18723.893865061982,55.55453259206497,44.44546740793503,11.109065184129953,⚪,"⚪ Buy: 55.6% | Sell: 44.4% | Net: 11.1% | Value: 18,724"
2025-10-14T22:16:24.837803,BNB/USDT,6362.732429299999,5643.587286200001,719.1451430999987,52.99486087385959,47.00513912614041,5.989721747719177,⚪,⚪ Buy: 53.0% | Sell: 47.0% | Net: 6.0% | Value: 719
2025-10-14T22:16:25.917763,XRP/USDT,11298493.016255341,9184380.01783342,2114112.9984219223,55.16068472158055,44.83931527841945,10.321369443161101,⚪,"⚪ Buy: 55.2% | Sell: 44.8% | Net: 10.3% | Value: 2,114,113"
2025-10-14T22:16:27.096305,SOL/USDT,184497.034775792,161012.28513114803,23484.749644643976,53.39856963206802,46.60143036793198,6.797139264136027,⚪,"⚪ Buy: 53.4% | Sell: 46.6% | Net: 6.8% | Value: 23,485"
2025-10-14T22:16:28.197665,DOGE/USDT,42212380.88460625,39088755.3866106,3123625.4979956523,51.92102204302249,48.07897795697752,3.8420440860449747,⚪,"⚪ Buy: 51.9% | Sell: 48.1% | Net: 3.8% | Value: 3,123,625"
2025-10-14T22:16:29.899735,ADA/USDT,16353684.154466562,12539862.412977707,3813821.7414888553,56.59978125666662,43.40021874333338,13.199562513333236,⚪,"⚪ Buy: 56.6% | Sell: 43.4% | Net: 13.2% | Value: 3,813,822"
2025-10-14T22:16:31.095697,TRX/USDT,8276870.713,6515484.077000001,1761386.635999999,55.95370602248785,44.04629397751215,11.907412044975692,⚪,"⚪ Buy: 56.0% | Sell: 44.0% | Net: 11.9% | Value: 1,761,387"
2025-10-14T22:16:32.272346,AVAX/USDT,230780.06599036403,215785.88929357598,14994.176696788054,51.678831146818425,48.321168853181575,3.357662293636851,⚪,"⚪ Buy: 51.7% | Sell: 48.3% | Net: 3.4% | Value: 14,994"
2025-10-14T22:16:33.364355,DOT/USDT,340068.39324,289907.03115999995,50161.36208000005,53.981215785343906,46.01878421465611,7.9624315706878,⚪,"⚪ Buy: 54.0% | Sell: 46.0% | Net: 8.0% | Value: 50,161"
2025-10-14T22:16:34.473220,LINK/USDT,432520.40654,394307.34595999995,38213.06058000005,52.31082353395002,47.68917646604998,4.62164706790004,⚪,"⚪ Buy: 52.3% | Sell: 47.7% | Net: 4.6% | Value: 38,213"
2025-10-14T22:16:35.629565,SUI/USDT,2913419.88387114,2344717.54802736,568702.3358437801,55.40783065495537,44.59216934504463,10.815661309910737,⚪,"⚪ Buy: 55.4% | Sell: 44.6% | Net: 10.8% | Value: 568,702"
2025-10-14T22:16:36.776632,SHIB/USDT,142885853438.34778,128085872837.53255,14799980600.815231,52.73090864575059,47.26909135424942,5.461817291501163,⚪,"⚪ Buy: 52.7% | Sell: 47.3% | Net: 5.5% | Value: 14,799,980,601"
2025-10-14T22:16:38.097711,LTC/USDT,51118.238399778005,45415.379599852,5702.858799926005,52.953820087810165,47.046179912189835,5.907640175620335,⚪,"⚪ Buy: 53.0% | Sell: 47.0% | Net: 5.9% | Value: 5,703"
2025-10-14T22:16:39.128613,ATOM/USDT,83208.916215996,71324.29317399401,11884.623042001986,53.845329780218684,46.1546702197813,7.690659560437382,⚪,"⚪ Buy: 53.8% | Sell: 46.2% | Net: 7.7% | Value: 11,885"
2025-10-14T22:16:40.546665,XLM/USDT,6980861.608,6553009.722,427851.88599999994,51.58067073185334,48.41932926814666,3.161341463706674,⚪,"⚪ Buy: 51.6% | Sell: 48.4% | Net: 3.2% | Value: 427,852"
2025-10-14T22:16:42.007610,UNI/USDT,417976.11039999995,376283.02880000003,41693.08159999992,52.62465230441001,47.37534769558998,5.249304608820032,⚪,"⚪ Buy: 52.6% | Sell: 47.4% | Net: 5.2% | Value: 41,693"
2025-10-14T22:16:43.046804,ICP/USDT,75064.08846,76123.46154000002,-1059.3730800000194,49.64964936596961,50.350350634030384,-0.7007012680607757,⚪,"⚪ Buy: 49.6% | Sell: 50.4% | Net: -0.7% | Value: -1,059"
2025-10-14T22:16:44.361007,APT/USDT,132473.1342,127886.16270000002,4586.971499999985,50.88089258855268,49.11910741144731,1.761785177105379,⚪,"⚪ Buy: 50.9% | Sell: 49.1% | Net: 1.8% | Value: 4,587"
2025-10-14T22:16:45.452146,NEAR/USDT,833096.5928,734244.8330999999,98851.75970000005,53.15348519685931,46.8465148031407,6.306970393718607,⚪,"⚪ Buy: 53.2% | Sell: 46.8% | Net: 6.3% | Value: 98,852"
2025-10-14T22:16:45.944565,AAPL,35410253.0,0,35410253.0,100.0,0.0,100.0,🟢,"🟢 Buy: 100.0% | Sell: 0.0% | Net: 100.0% | Value: 35,410,253"
2025-10-14T22:16:46.106396,MSFT,0,14368234.0,-14368234.0,0.0,100.0,-100.0,🔴,"🔴 Buy: 0.0% | Sell: 100.0% | Net: -100.0% | Value: -14,368,234"
2025-10-14T22:16:46.224902,GOOG,17274792.0,0,17274792.0,100.0,0.0,100.0,🟢,"🟢 Buy: 100.0% | Sell: 0.0% | Net: 100.0% | Value: 17,274,792"
2025-10-14T22:16:46.396246,GC=F,494.0,0,494.0,100.0,0.0,100.0,🟢,🟢 Buy: 100.0% | Sell: 0.0% | Net: 100.0% | Value: 494
2025-10-14T22:16:46.513276,CL=F,0,216.0,-216.0,0.0,100.0,-100.0,🔴,🔴 Buy: 0.0% | Sell: 100.0% | Net: -100.0% | Value: -216
2025-10-14T22:16:46.618002,TSLA,0,71541278.0,-71541278.0,0.0,100.0,-100.0,🔴,"🔴 Buy: 0.0% | Sell: 100.0% | Net: -100.0% | Value: -71,541,278"
2025-10-14T22:16:46.768606,NVDA,0,201606600.0,-201606600.0,0.0,100.0,-100.0,🔴,"🔴 Buy: 0.0% | Sell: 100.0% | Net: -100.0% | Value: -201,606,600"
2025-10-14T22:39:12.462165,BTC/USDT,2885.8498208939995,2472.628016006,413.2218048879995,53.855776000811616,46.144223999188384,7.711552001623239,⚪,⚪ Buy: 53.9% | Sell: 46.1% | Net: 7.7% | Value: 413
2025-10-14T22:39:13.636261,ETH/USDT,94250.01620167599,77416.22160707401,16833.794594601975,54.903059218131226,45.096940781868774,9.80611843626245,⚪,"⚪ Buy: 54.9% | Sell: 45.1% | Net: 9.8% | Value: 16,834"
2025-10-14T22:39:14.738872,BNB/USDT,6438.123789299999,5756.6743262,681.4494630999989,52.79401699251526,47.205983007484754,5.5880339850305,⚪,⚪ Buy: 52.8% | Sell: 47.2% | Net: 5.6% | Value: 681
2025-10-14T22:39:16.310227,XRP/USDT,11480533.777535342,9305740.525353419,2174793.252181923,55.23132048699965,44.768679513000365,10.462640973999282,⚪,"⚪ Buy: 55.2% | Sell: 44.8% | Net: 10.5% | Value: 2,174,793"
2025-10-14T22:39:17.648443,SOL/USDT,185288.48057579203,163702.75133114803,21585.729244643997,53.09258904968706,46.907410950312936,6.185178099374118,⚪,"⚪ Buy: 53.1% | Sell: 46.9% | Net: 6.2% | Value: 21,586"
2025-10-14T22:39:18.989697,DOGE/USDT,42438726.42936625,39239652.4164506,3199074.012915656,51.958335888959375,48.04166411104063,3.9166717779187366,⚪,"⚪ Buy: 52.0% | Sell: 48.0% | Net: 3.9% | Value: 3,199,074"
2025-10-14T22:39:20.078932,ADA/USDT,16472436.982466562,12619030.964977706,3853406.017488856,56.622914361781774,43.377085638218226,13.24582872356355,⚪,"⚪ Buy: 56.6% | Sell: 43.4% | Net: 13.2% | Value: 3,853,406"
2025-10-14T22:39:21.888294,TRX/USDT,8296128.430000001,6563090.480000001,1733037.9499999993,55.83152439067203,44.16847560932798,11.663048781344045,⚪,"⚪ Buy: 55.8% | Sell: 44.2% | Net: 11.7% | Value: 1,733,038"
2025-10-14T22:39:22.983650,AVAX/USDT,240278.59795036406,222118.24393357598,18160.35401678807,51.963719512313,48.036280487686994,3.927439024626006,⚪,"⚪ Buy: 52.0% | Sell: 48.0% | Net: 3.9% | Value: 18,160"
2025-10-14T22:39:24.380304,DOT/USDT,344993.94474,293190.73215999996,51803.21258000005,54.0586380757084,45.9413619242916,8.1172761514168,⚪,"⚪ Buy: 54.1% | Sell: 45.9% | Net: 8.1% | Value: 51,803"
2025-10-14T22:39:25.861776,LINK/USDT,438252.35083999997,398128.64215999993,40123.70868000004,52.398650197446564,47.601349802553436,4.797300394893125,⚪,"⚪ Buy: 52.4% | Sell: 47.6% | Net: 4.8% | Value: 40,124"
2025-10-14T22:39:27.025036,SUI/USDT,2951435.7038711403,2370061.42802736,581374.2758437805,55.462506710366014,44.537493289633986,10.925013420732018,⚪,"⚪ Buy: 55.5% | Sell: 44.5% | Net: 10.9% | Value: 581,374"
2025-10-14T22:39:28.381708,SHIB/USDT,144799351845.44174,132353999969.2777,12445351876.164047,52.245210421356184,47.75478957864383,4.49042084271235,⚪,"⚪ Buy: 52.2% | Sell: 47.8% | Net: 4.5% | Value: 12,445,351,876"
2025-10-14T22:39:29.677942,LTC/USDT,52070.06879748001,46049.93319832,6020.135599160007,53.067741274311075,46.93225872568893,6.135482548622142,⚪,"⚪ Buy: 53.1% | Sell: 46.9% | Net: 6.1% | Value: 6,020"
2025-10-14T22:39:30.725511,ATOM/USDT,83317.262115996,71396.523773994,11920.73834200199,53.852513295252926,46.14748670474709,7.705026590505833,⚪,"⚪ Buy: 53.9% | Sell: 46.1% | Net: 7.7% | Value: 11,921"
2025-10-14T22:39:31.843861,XLM/USDT,7054852.300000001,6602336.850000001,452515.4500000002,51.65669320762098,48.34330679237901,3.3133864152419688,⚪,"⚪ Buy: 51.7% | Sell: 48.3% | Net: 3.3% | Value: 452,515"
2025-10-14T22:39:33.402240,UNI/USDT,434378.5343199999,387217.97808000003,47160.55623999989,52.87005577118611,47.129944228813905,5.740111542372206,⚪,"⚪ Buy: 52.9% | Sell: 47.1% | Net: 5.7% | Value: 47,161"
2025-10-14T22:39:34.459689,ICP/USDT,75263.9672,77809.10740000001,-2545.140200000009,49.168651898235275,50.83134810176473,-1.6626962035294541,⚪,"⚪ Buy: 49.2% | Sell: 50.8% | Net: -1.7% | Value: -2,545"
2025-10-14T22:39:35.546687,APT/USDT,133442.84248,130315.46592000002,3127.376559999975,50.59284891895371,49.407151081046294,1.1856978379074163,⚪,"⚪ Buy: 50.6% | Sell: 49.4% | Net: 1.2% | Value: 3,127"
2025-10-14T22:39:36.654433,NEAR/USDT,851192.90834,746309.04346,104883.86488000001,53.28274606368465,46.717253936315345,6.565492127369306,⚪,"⚪ Buy: 53.3% | Sell: 46.7% | Net: 6.6% | Value: 104,884"
2025-10-14T22:39:37.469448,AAPL,35410253.0,0,35410253.0,100.0,0.0,100.0,🟢,"🟢 Buy: 100.0% | Sell: 0.0% | Net: 100.0% | Value: 35,410,253"
2025-10-14T22:39:37.727472,MSFT,0,14368234.0,-14368234.0,0.0,100.0,-100.0,🔴,"🔴 Buy: 0.0% | Sell: 100.0% | Net: -100.0% | Value: -14,368,234"
2025-10-14T22:39:38.033955,GOOG,17274792.0,0,17274792.0,100.0,0.0,100.0,🟢,"🟢 Buy: 100.0% | Sell: 0.0% | Net: 100.0% | Value: 17,274,792"
2025-10-14T22:39:38.209044,GC=F,3879.0,0,3879.0,100.0,0.0,100.0,🟢,"🟢 Buy: 100.0% | Sell: 0.0% | Net: 100.0% | Value: 3,879"
2025-10-14T22:39:38.457387,CL=F,0,458.0,-458.0,0.0,100.0,-100.0,🔴,🔴 Buy: 0.0% | Sell: 100.0% | Net: -100.0% | Value: -458
2025-10-14T22:39:38.642440,TSLA,0,71541278.0,-71541278.0,0.0,100.0,-100.0,🔴,"🔴 Buy: 0.0% | Sell: 100.0% | Net: -100.0% | Value: -71,541,278"
2025-10-14T22:39:38.928519,NVDA,0,201606600.0,-201606600.0,0.0,100.0,-100.0,🔴,"🔴 Buy: 0.0% | Sell: 100.0% | Net: -100.0% | Value: -201,606,600"
2025-10-14T23:15:35.819750,BTC/USDT,2716.21640981,2327.55063691,388.6657729000003,53.85293144290587,46.147068557094116,7.705862885811758,⚪,⚪ Buy: 53.9% | Sell: 46.1% | Net: 7.7% | Value: 389
2025-10-14T23:15:37.089711,ETH/USDT,90241.919887336,72649.048329514,17592.871557822,55.40019859615584,44.59980140384415,10.800397192311692,⚪,"⚪ Buy: 55.4% | Sell: 44.6% | Net: 10.8% | Value: 17,593"
2025-10-14T23:15:39.532894,BNB/USDT,6429.869289300001,5656.2014262,773.6678631000004,53.200659177460366,46.799340822539634,6.401318354920726,⚪,⚪ Buy: 53.2% | Sell: 46.8% | Net: 6.4% | Value: 774
2025-10-14T23:15:40.757383,XRP/USDT,11072929.397612333,9034004.272071412,2038925.1255409215,55.07020403766268,44.92979596233732,10.140408075325345,⚪,"⚪ Buy: 55.1% | Sell: 44.9% | Net: 10.1% | Value: 2,038,925"
2025-10-14T23:15:43.378153,SOL/USDT,177615.465557282,156424.572318808,21190.893238474004,53.1719091778954,46.828090822104585,6.343818355790819,⚪,"⚪ Buy: 53.2% | Sell: 46.8% | Net: 6.3% | Value: 21,191"
2025-10-14T23:15:45.102066,DOGE/USDT,40068504.83586625,37659504.6874506,2409000.1484156474,51.54963452891006,48.45036547108993,3.099269057820135,⚪,"⚪ Buy: 51.5% | Sell: 48.5% | Net: 3.1% | Value: 2,409,000"
2025-10-14T23:15:46.955003,ADA/USDT,15597717.406466562,12035884.580977706,3561832.825488856,56.444749452328416,43.55525054767159,12.889498904656826,⚪,"⚪ Buy: 56.4% | Sell: 43.6% | Net: 12.9% | Value: 3,561,833"
2025-10-14T23:15:49.597303,TRX/USDT,7661703.550000001,6183834.730000001,1477868.8199999994,55.33698578600875,44.66301421399126,10.67397157201749,⚪,"⚪ Buy: 55.3% | Sell: 44.7% | Net: 10.7% | Value: 1,477,869"
2025-10-14T23:15:53.739294,AVAX/USDT,224856.97993036403,211837.16525357604,13019.814676787995,51.49072466626544,48.509275333734564,2.981449332530876,⚪,"⚪ Buy: 51.5% | Sell: 48.5% | Net: 3.0% | Value: 13,020"
2025-10-14T23:15:57.428850,DOT/USDT,308054.45712000004,281564.03847999993,26490.418640000105,52.24640329617232,47.753596703827675,4.492806592344642,⚪,"⚪ Buy: 52.2% | Sell: 47.8% | Net: 4.5% | Value: 26,490"
2025-10-14T23:15:58.850219,LINK/USDT,413245.15147999994,381457.17592,31787.975559999933,51.99999260502983,48.00000739497017,3.9999852100596653,⚪,"⚪ Buy: 52.0% | Sell: 48.0% | Net: 4.0% | Value: 31,788"
2025-10-14T23:16:00.151992,SUI/USDT,2819794.8038711403,2348129.82802736,471664.9758437802,54.563388685396795,45.43661131460321,9.12677737079359,⚪,"⚪ Buy: 54.6% | Sell: 45.4% | Net: 9.1% | Value: 471,665"
2025-10-14T23:16:01.918927,SHIB/USDT,136971527886.03052,128855146849.60284,8116381036.427673,51.52663028352957,48.47336971647043,3.053260567059147,⚪,"⚪ Buy: 51.5% | Sell: 48.5% | Net: 3.1% | Value: 8,116,381,036"
2025-10-14T23:16:04.560309,LTC/USDT,48523.448198246,45744.352797554,2779.095400692,51.47404276504541,48.52595723495458,2.948085530090831,⚪,"⚪ Buy: 51.5% | Sell: 48.5% | Net: 2.9% | Value: 2,779"
2025-10-14T23:16:07.971520,ATOM/USDT,75121.53479599599,66058.931693994,9062.603102001987,53.209581086999926,46.79041891300007,6.419162173999861,⚪,"⚪ Buy: 53.2% | Sell: 46.8% | Net: 6.4% | Value: 9,063"
2025-10-14T23:16:12.361849,XLM/USDT,6176700.217999999,6134739.482000001,41960.73599999864,50.17041360321165,49.82958639678836,0.3408272064232962,⚪,"⚪ Buy: 50.2% | Sell: 49.8% | Net: 0.3% | Value: 41,961"
2025-10-14T23:16:13.641800,UNI/USDT,413932.2352,373587.112,40345.12319999997,52.561532192411896,47.43846780758811,5.1230643848237865,⚪,"⚪ Buy: 52.6% | Sell: 47.4% | Net: 5.1% | Value: 40,345"
2025-10-14T23:16:16.642604,ICP/USDT,68483.22506000001,73825.70754,-5342.4824799999915,48.122927920829625,51.87707207917038,-3.7541441583407615,⚪,"⚪ Buy: 48.1% | Sell: 51.9% | Net: -3.8% | Value: -5,342"
2025-10-14T23:16:17.873829,APT/USDT,128443.73418000003,128435.55832000001,8.175860000017565,50.00159138167979,49.99840861832021,0.003182763359571914,⚪,⚪ Buy: 50.0% | Sell: 50.0% | Net: 0.0% | Value: 8
2025-10-14T23:16:19.216583,NEAR/USDT,818069.4732799999,724226.75342,93842.71985999995,53.0423053054079,46.95769469459209,6.084610610815803,⚪,"⚪ Buy: 53.0% | Sell: 47.0% | Net: 6.1% | Value: 93,843"
2025-10-14T23:16:19.675840,AAPL,35410253.0,0,35410253.0,100.0,0.0,100.0,🟢,"🟢 Buy: 100.0% | Sell: 0.0% | Net: 100.0% | Value: 35,410,253"
2025-10-14T23:16:19.844944,MSFT,0,14368234.0,-14368234.0,0.0,100.0,-100.0,🔴,"🔴 Buy: 0.0% | Sell: 100.0% | Net: -100.0% | Value: -14,368,234"
2025-10-14T23:16:19.956106,GOOG,17274792.0,0,17274792.0,100.0,0.0,100.0,🟢,"🟢 Buy: 100.0% | Sell: 0.0% | Net: 100.0% | Value: 17,274,792"
2025-10-14T23:16:20.063545,GC=F,6155.0,0,6155.0,100.0,0.0,100.0,🟢,"🟢 Buy: 100.0% | Sell: 0.0% | Net: 100.0% | Value: 6,155"
2025-10-14T23:16:20.208847,CL=F,0,624.0,-624.0,0.0,100.0,-100.0,🔴,🔴 Buy: 0.0% | Sell: 100.0% | Net: -100.0% | Value: -624
2025-10-14T23:16:20.327528,TSLA,0,71541278.0,-71541278.0,0.0,100.0,-100.0,🔴,"🔴 Buy: 0.0% | Sell: 100.0% | Net: -100.0% | Value: -71,541,278"
2025-10-14T23:16:20.484998,NVDA,0,201606600.0,-201606600.0,0.0,100.0,-100.0,🔴,"🔴 Buy: 0.0% | Sell: 100.0% | Net: -100.0% | Value: -201,606,600"
2025-10-14T23:36:48.606094,BTC/USDT,2751.19139219,2350.86729183,400.3241003600001,53.92316244434666,46.07683755565334,7.846324888693321,⚪,⚪ Buy: 53.9% | Sell: 46.1% | Net: 7.8% | Value: 400
2025-10-14T23:36:51.460192,ETH/USDT,92403.586336396,74090.15929555401,18313.427040841983,55.499734230655584,44.500265769344416,10.999468461311169,⚪,"⚪ Buy: 55.5% | Sell: 44.5% | Net: 11.0% | Value: 18,313"
2025-10-14T23:36:52.549857,BNB/USDT,6507.4862493,5707.9460662,799.5401830999999,53.272664292386416,46.727335707613584,6.545328584772838,⚪,⚪ Buy: 53.3% | Sell: 46.7% | Net: 6.5% | Value: 800
2025-10-14T23:36:53.633781,XRP/USDT,11236294.283612333,9142914.196071412,2093380.0875409208,55.136068188388755,44.863931811611245,10.272136376777508,⚪,"⚪ Buy: 55.1% | Sell: 44.9% | Net: 10.3% | Value: 2,093,380"
2025-10-14T23:36:54.793967,SOL/USDT,179788.438757282,157873.221118808,21915.217638474016,53.2451445104126,46.7548554895874,6.490289020825204,⚪,"⚪ Buy: 53.2% | Sell: 46.8% | Net: 6.5% | Value: 21,915"
2025-10-14T23:36:56.574107,DOGE/USDT,40357111.01502625,37851908.80689061,2505202.208135642,51.60160695904388,48.39839304095614,3.2032139180877426,⚪,"⚪ Buy: 51.6% | Sell: 48.4% | Net: 3.2% | Value: 2,505,202"
2025-10-14T23:36:57.672388,ADA/USDT,15939242.878466561,12263568.228977706,3675674.649488855,56.51650403834858,43.48349596165142,13.033008076697161,⚪,"⚪ Buy: 56.5% | Sell: 43.5% | Net: 13.0% | Value: 3,675,675"
2025-10-14T23:36:59.454035,TRX/USDT,7767041.824000001,6254060.246000001,1512981.5779999997,55.39537323972993,44.604626760270065,10.790746479459868,⚪,"⚪ Buy: 55.4% | Sell: 44.6% | Net: 10.8% | Value: 1,512,982"
2025-10-14T23:37:01.001450,AVAX/USDT,228805.96885036404,214469.82453357603,14336.144316788006,51.6170682598464,48.3829317401536,3.2341365196928,⚪,"⚪ Buy: 51.6% | Sell: 48.4% | Net: 3.2% | Value: 14,336"
2025-10-14T23:37:02.131324,DOT/USDT,310516.73382,283205.5562799999,27311.17754000012,52.299995974161604,47.7000040258384,4.599991948323202,⚪,"⚪ Buy: 52.3% | Sell: 47.7% | Net: 4.6% | Value: 27,311"
2025-10-14T23:37:03.502570,LINK/USDT,416882.46505999996,383882.05163999996,33000.41342,52.060556676262124,47.939443323737876,4.121113352524253,⚪,"⚪ Buy: 52.1% | Sell: 47.9% | Net: 4.1% | Value: 33,000"
2025-10-14T23:37:05.445122,SUI/USDT,2851643.64387114,2369362.38802736,482281.25584378,54.6186621208366,45.381337879163404,9.237324241673196,⚪,"⚪ Buy: 54.6% | Sell: 45.4% | Net: 9.2% | Value: 482,281"
2025-10-14T23:37:06.896599,SHIB/USDT,139998561629.7853,130873169345.43936,9125392284.345947,51.68444899205459,48.315551007945416,3.368897984109166,⚪,"⚪ Buy: 51.7% | Sell: 48.3% | Net: 3.4% | Value: 9,125,392,284"
2025-10-14T23:37:08.487279,LTC/USDT,49264.336581806005,46238.278386594,3026.0581952120046,51.584280281861005,48.41571971813899,3.168560563722019,⚪,"⚪ Buy: 51.6% | Sell: 48.4% | Net: 3.2% | Value: 3,026"
2025-10-14T23:37:09.546318,ATOM/USDT,75402.389995996,66246.168493994,9156.221502001994,53.23202071366262,46.76797928633737,6.464041427325251,⚪,"⚪ Buy: 53.2% | Sell: 46.8% | Net: 6.5% | Value: 9,156"
2025-10-14T23:37:10.568158,XLM/USDT,6273287.0479999995,6199130.7020000005,74156.34599999897,50.29728135910136,49.70271864089864,0.5945627182027236,⚪,"⚪ Buy: 50.3% | Sell: 49.7% | Net: 0.6% | Value: 74,156"
2025-10-14T23:37:11.653886,UNI/USDT,427259.32581999997,382471.83908,44787.486739999964,52.76557755718413,47.23442244281588,5.531155114368251,⚪,"⚪ Buy: 52.8% | Sell: 47.2% | Net: 5.5% | Value: 44,787"
2025-10-14T23:37:12.824289,ICP/USDT,69069.35840000001,74216.46310000001,-5147.104699999996,48.20390299398884,51.796097006011166,-3.592194012022324,⚪,"⚪ Buy: 48.2% | Sell: 51.8% | Net: -3.6% | Value: -5,147"
2025-10-14T23:37:14.092764,APT/USDT,129672.93042000002,129255.02248000001,417.9079400000046,50.080699657051206,49.919300342948794,0.1613993141024074,⚪,⚪ Buy: 50.1% | Sell: 49.9% | Net: 0.2% | Value: 418
2025-10-14T23:37:15.092789,NEAR/USDT,854546.7638,748544.9471,106001.81669999997,53.30616819921329,46.69383180078672,6.612336398426573,⚪,"⚪ Buy: 53.3% | Sell: 46.7% | Net: 6.6% | Value: 106,002"
2025-10-14T23:37:15.592569,AAPL,35410253.0,0,35410253.0,100.0,0.0,100.0,🟢,"🟢 Buy: 100.0% | Sell: 0.0% | Net: 100.0% | Value: 35,410,253"
2025-10-14T23:37:15.816845,MSFT,0,14368234.0,-14368234.0,0.0,100.0,-100.0,🔴,"🔴 Buy: 0.0% | Sell: 100.0% | Net: -100.0% | Value: -14,368,234"
2025-10-14T23:37:15.931375,GOOG,17274792.0,0,17274792.0,100.0,0.0,100.0,🟢,"🟢 Buy: 100.0% | Sell: 0.0% | Net: 100.0% | Value: 17,274,792"
2025-10-14T23:37:16.035664,GC=F,7311.0,0,7311.0,100.0,0.0,100.0,🟢,"🟢 Buy: 100.0% | Sell: 0.0% | Net: 100.0% | Value: 7,311"
2025-10-14T23:37:16.141808,CL=F,0,727.0,-727.0,0.0,100.0,-100.0,🔴,🔴 Buy: 0.0% | Sell: 100.0% | Net: -100.0% | Value: -727
2025-10-14T23:37:16.266672,TSLA,0,71541278.0,-71541278.0,0.0,100.0,-100.0,🔴,"🔴 Buy: 0.0% | Sell: 100.0% | Net: -100.0% | Value: -71,541,278"
2025-10-14T23:37:16.412188,NVDA,0,201606600.0,-201606600.0,0.0,100.0,-100.0,🔴,"🔴 Buy: 0.0% | Sell: 100.0% | Net: -100.0% | Value: -201,606,600"
